6876 6876
0 1 3
1 68 2
68 2 3
2 38 2
38 91 2
91 121 2
121 178 2
178 177 3
177 229 2
229 287 2
287 230 3
230 288 3
288 316 2
316 363 2
363 413 2
413 391 2
391 392 2
392 443 2
443 465 2
465 495 1
495 547 2
547 608 2
608 631 2
631 662 2
662 722 2
722 779 3
779 837 2
837 866 2
866 931 2
931 894 2
894 960 2
960 1026 2
1026 1060 2
1060 1131 2
1131 1202 2
1202 1203 2
1203 1236 2
1236 1274 2
1274 1307 1
1307 1380 2
1380 1411 2
1411 1340 2
1340 1275 2
1275 1341 2
1341 1308 2
1308 1276 1
1276 1205 2
1205 1132 2
1132 1204 2
1204 1166 2
1166 1097 2
1097 1096 2
1096 1061 1
1061 992 2
992 961 2
961 895 2
895 932 2
932 993 2
993 1027 1
1027 1062 2
1062 1133 2
1133 1098 2
1098 1063 1
1063 995 2
995 994 2
994 933 2
933 867 2
867 838 2
838 804 3
804 744 2
744 723 2
723 663 2
663 609 2
609 548 2
548 496 2
496 444 2
444 393 2
393 340 2
340 317 2
317 266 2
266 231 2
231 179 2
179 122 2
122 39 3
39 69 2
69 3 3
3 40 2
40 4 2
4 70 2
70 92 2
92 148 2
148 209 2
209 147 3
147 124 2
124 123 2
123 180 2
180 208 2
208 267 2
267 268 2
268 318 2
318 364 2
364 394 2
394 414 2
414 497 3
497 498 2
498 445 2
445 499 3
499 550 2
550 576 2
576 634 2
634 691 2
691 746 2
746 724 3
724 690 1
690 633 2
633 610 2
610 549 2
549 575 2
575 632 2
632 688 2
688 689 2
689 745 2
745 780 2
780 805 2
805 839 2
839 896 2
896 934 2
934 868 2
868 806 2
806 747 2
747 748 3
748 807 2
807 840 1
840 897 2
897 935 2
935 997 2
997 996 2
996 1064 2
1064 1065 2
1065 1135 2
1135 1209 2
1209 1237 1
1237 1310 2
1310 1382 2
1382 1452 2
1452 1451 2
1451 1381 2
1381 1309 2
1309 1278 1
1278 1208 2
1208 1134 2
1134 1207 2
1207 1206 2
1206 1277 2
1277 1343 2
1343 1342 2
1342 1414 2
1414 1450 1
1450 1520 2
1520 1519 2
1519 1586 2
1586 1646 2
1646 1681 2
1681 1710 1
1710 1774 2
1774 1833 2
1833 1801 1
1801 1800 2
1800 1744 2
1744 1709 1
1709 1645 2
1645 1619 2
1619 1585 2
1585 1549 1
1549 1485 2
1485 1413 2
1413 1412 2
1412 1484 2
1484 1548 2
1548 1618 2
1618 1680 2
1680 1707 1
1707 1708 2
1708 1773 2
1773 1799 2
1799 1832 1
1832 1859 1
1859 1860 2
1860 1916 2
1916 1888 2
1888 1940 2
1940 1889 2
1889 1890 2
1890 1941 2
1941 1942 2
1942 1891 2
1891 1861 1
1861 1834 2
1834 1802 1
1802 1775 2
1775 1745 1
1745 1711 2
1711 1682 1
1682 1647 2
1647 1621 2
1621 1620 2
1620 1550 2
1550 1521 1
1521 1551 2
1551 1486 2
1486 1552 2
1552 1587 1
1587 1648 2
1648 1712 2
1712 1746 1
1746 1803 2
1803 1804 2
1804 1805 2
1805 1747 2
1747 1748 2
1748 1683 2
1683 1649 1
1649 1588 2
1588 1589 2
1589 1622 1
1622 1650 2
1650 1684 2
1684 1713 2
1713 1776 2
1776 1835 2
1835 1806 1
1806 1863 2
1863 1919 2
1919 1970 2
1970 1994 1
1994 2042 2
2042 2066 3
2066 2114 3
2114 2089 3
2089 2090 3
2090 2135 2
2135 2176 4
2176 2220 4
2220 2266 2
2266 2221 4
2221 2158 3
2158 2091 3
2091 2026 3
2026 1997 4
1997 1946 3
1946 1893 2
1893 1837 3
1837 1836 2
1836 1809 1
1809 1750 2
1750 1686 2
1686 1624 2
1624 1623 2
1623 1685 2
1685 1716 1
1716 1778 2
1778 1777 2
1777 1808 2
1808 1865 2
1865 1866 2
1866 1944 3
1944 1892 3
1892 1921 3
1921 1945 1
1945 2025 3
2025 1996 3
1996 2024 2
2024 1995 3
1995 1943 2
1943 1920 2
1920 1864 2
1864 1807 2
1807 1749 2
1749 1714 1
1714 1651 2
1651 1591 2
1591 1590 2
1590 1553 1
1553 1488 2
1488 1454 1
1454 1385 2
1385 1314 2
1314 1313 2
1313 1240 2
1240 1169 2
1169 1100 2
1100 1028 2
1028 962 2
962 1000 2
1000 938 2
938 937 2
937 999 2
999 1067 2
1067 1099 2
1099 1168 2
1168 1239 2
1239 1312 2
1312 1384 2
1384 1416 1
1416 1453 1
1453 1523 2
1523 1522 2
1522 1487 2
1487 1415 2
1415 1383 2
1383 1311 2
1311 1238 2
1238 1167 2
1167 1137 1
1137 1136 2
1136 1066 2
1066 998 2
998 936 2
936 869 2
869 870 2
870 808 2
808 749 2
749 750 2
750 809 2
809 871 2
871 810 3
810 751 2
751 693 2
693 666 3
666 665 2
665 692 2
692 664 2
664 635 2
635 577 2
577 527 2
527 526 3
526 466 2
466 446 2
446 395 2
395 341 2
341 289 2
289 269 1
269 232 2
232 210 2
210 149 2
149 93 2
93 71 2
71 5 2
5 6 3
6 41 2
41 7 2
7 72 2
72 94 2
94 150 2
150 181 1
181 233 2
233 290 2
290 319 2
319 365 2
365 415 2
415 467 2
467 416 3
416 468 2
468 528 2
528 578 2
578 611 2
611 551 2
551 529 3
529 579 2
579 580 2
580 581 2
581 636 2
636 637 3
637 694 2
694 752 2
752 841 3
841 898 2
898 899 2
899 963 2
963 1029 2
1029 1030 2
1030 964 2
964 1001 2
1001 1068 2
1068 1139 2
1139 1171 1
1171 1069 3
1069 1002 2
1002 1070 2
1070 1140 2
1140 1211 2
1211 1212 2
1212 1281 2
1281 1347 2
1347 1387 1
1387 1457 2
1457 1491 1
1491 1419 2
1419 1490 2
1490 1456 2
1456 1418 1
1418 1345 2
1345 1346 2
1346 1280 2
1280 1242 2
1242 1210 2
1210 1138 2
1138 1101 2
1101 1170 2
1170 1241 2
1241 1279 2
1279 1315 2
1315 1386 2
1386 1344 2
1344 1417 2
1417 1489 2
1489 1524 1
1524 1455 2
1455 1525 2
1525 1592 2
1592 1652 2
1652 1715 2
1715 1653 2
1653 1593 2
1593 1526 2
1526 1554 2
1554 1555 2
1555 1625 2
1625 1687 2
1687 1751 2
1751 1779 1
1779 1810 2
1810 1867 2
1867 1838 2
1838 1922 3
1922 1971 3
1971 1998 2
1998 2027 3
2027 2044 2
2044 2068 3
2068 2045 3
2045 2069 3
2069 2117 3
2117 2179 3
2179 2203 3
2203 2243 3
2243 2308 3
2308 2392 4
2392 2393 3
2393 2479 4
2479 2515 2
2515 2563 2
2563 2582 2
2582 2516 3
2516 2564 2
2564 2642 3
2642 2698 2
2698 2756 2
2756 2727 2
2727 2671 2
2671 2613 2
2613 2583 1
2583 2517 3
2517 2539 3
2539 2584 2
2584 2614 1
2614 2672 2
2672 2699 2
2699 2673 1
2673 2615 2
2615 2643 2
2643 2700 2
2700 2701 2
2701 2760 2
2760 2791 1
2791 2759 2
2759 2758 2
2758 2757 2
2757 2728 2
2728 2790 2
2790 2852 2
2852 2789 2
2789 2851 3
2851 2822 1
2822 2755 2
2755 2821 2
2821 2788 2
2788 2726 2
2726 2697 1
2697 2641 2
2641 2612 2
2612 2611 2
2611 2581 1
2581 2538 2
2538 2497 3
2497 2478 3
2478 2496 3
2496 2579 4
2579 2610 2
2610 2638 1
2638 2694 2
2694 2724 1
2724 2753 2
2753 2818 2
2818 2819 2
2819 2849 1
2849 2914 2
2914 2913 2
2913 2883 1
2883 2882 2
2882 2817 2
2817 2816 2
2816 2752 2
2752 2693 2
2693 2637 2
2637 2578 2
2578 2537 2
2537 2454 4
2454 2434 3
2434 2391 4
2391 2328 3
2328 2268 3
2268 2349 5
2349 2283 3
2283 2223 3
2223 2202 2
2202 2138 3
2138 2137 3
2137 2136 3
2136 2116 2
2116 2092 3
2092 2067 2
2067 2043 3
2043 2115 3
2115 2177 3
2177 2178 3
2178 2201 4
2201 2222 3
2222 2282 3
2282 2307 2
2307 2390 4
2390 2410 3
2410 2409 3
2409 2327 4
2327 2281 3
2281 2242 3
2242 2267 4
2267 2326 3
2326 2369 3
2369 2408 3
2408 2494 4
2494 2535 3
2535 2495 4
2495 2536 3
2536 2609 3
2609 2636 2
2636 2692 2
2692 2751 2
2751 2815 2
2815 2848 1
2848 2881 2
2881 2912 1
2912 2948 2
2948 3008 2
3008 2977 2
2977 3009 2
3009 3010 2
3010 3040 2
3040 3074 2
3074 3075 2
3075 3133 2
3133 3166 1
3166 3103 2
3103 3041 2
3041 3011 2
3011 2978 2
2978 2949 1
2949 2884 2
2884 2786 3
2786 2754 2
2754 2696 2
2696 2695 2
2695 2639 2
2639 2562 3
2562 2580 2
2580 2640 2
2640 2669 2
2669 2670 2
2670 2725 2
2725 2787 2
2787 2820 1
2820 2850 2
2850 2915 2
2915 2916 3
2916 2979 2
2979 3042 2
3042 3043 2
3043 3104 2
3104 3167 2
3167 3229 2
3229 3294 2
3294 3352 2
3352 3408 2
3408 3489 3
3489 3467 3
3467 3407 2
3407 3351 2
3351 3293 2
3293 3228 2
3228 3264 2
3264 3326 2
3326 3387 2
3387 3466 3
3466 3538 3
3538 3586 2
3586 3563 3
3563 3564 3
3564 3631 3
3631 3697 3
3697 3698 3
3698 3738 2
3738 3786 2
3786 3813 2
3813 3858 2
3858 3886 2
3886 3934 3
3934 3956 2
3956 3980 1
3980 4052 3
4052 4028 2
4028 3957 3
3957 3981 2
3981 4053 3
4053 4029 2
4029 4105 3
4105 4158 3
4158 4213 2
4213 4187 3
4187 4133 2
4133 4054 4
4054 4030 2
4030 3982 3
3982 3935 3
3935 3888 3
3888 3887 3
3887 3904 2
3904 3838 3
3838 3814 2
3814 3765 3
3765 3739 2
3739 3699 3
3699 3650 3
3650 3632 3
3632 3565 3
3565 3491 3
3491 3490 3
3490 3409 3
3409 3353 2
3353 3295 2
3295 3230 2
3230 3203 1
3203 3134 2
3134 3076 2
3076 3012 2
3012 2980 2
2980 2917 2
2917 2950 2
2950 2885 3
2885 2823 2
2823 2824 2
2824 2853 1
2853 2918 2
2918 2982 2
2982 3045 2
3045 3107 2
3107 3168 2
3168 3106 2
3106 3044 2
3044 2981 2
2981 3013 2
3013 3077 2
3077 3105 1
3105 3135 2
3135 3204 2
3204 3231 2
3231 3265 2
3265 3327 2
3327 3296 2
3296 3354 2
3354 3410 3
3410 3439 3
3439 3516 3
3516 3587 3
3587 3633 3
3633 3675 2
3675 3716 2
3716 3740 2
3740 3766 3
3766 3787 1
3787 3815 2
3815 3741 3
3741 3700 4
3700 3676 2
3676 3634 2
3634 3608 1
3608 3609 2
3609 3567 2
3567 3566 3
3566 3517 2
3517 3440 3
3440 3355 3
3355 3388 3
3388 3297 3
3297 3232 2
3232 3169 2
3169 3108 2
3108 3046 2
3046 3047 2
3047 3078 1
3078 3109 1
3109 3136 2
3136 3205 2
3205 3266 2
3266 3233 2
3233 3298 2
3298 3356 2
3356 3411 2
3411 3412 2
3412 3469 2
3469 3468 2
3468 3518 2
3518 3519 2
3519 3568 2
3568 3635 3
3635 3677 2
3677 3678 3
3678 3742 3
3742 3816 3
3816 3859 2
3859 3905 2
3905 3936 2
3936 3906 3
3906 3860 2
3860 3817 3
3817 3788 2
3788 3717 3
3717 3718 3
3718 3679 4
3679 3637 3
3637 3636 3
3636 3589 2
3589 3588 3
3588 3520 3
3520 3470 2
3470 3413 2
3413 3357 3
3357 3299 2
3299 3234 2
3234 3170 2
3170 3110 2
3110 3171 2
3171 3206 2
3206 3300 3
3300 3235 4
3235 3328 3
3328 3389 2
3389 3441 2
3441 3521 3
3521 3471 4
3471 3539 3
3539 3540 3
3540 3590 3
3590 3638 2
3638 3651 2
3651 3744 4
3744 3819 4
3819 3862 4
3862 3889 2
3889 3909 3
3909 3960 2
3960 4006 2
4006 4085 3
4085 4058 3
4058 4005 3
4005 3959 2
3959 3908 4
3908 3861 4
3861 3818 3
3818 3743 3
3743 3767 3
3767 3839 3
3839 3907 3
3907 3937 1
3937 3958 3
3958 4004 3
4004 4057 3
4057 4107 3
4107 4160 3
4160 4161 3
4161 4190 2
4190 4268 3
4268 4191 4
4191 4269 3
4269 4321 2
4321 4381 3
4381 4353 4
4353 4300 2
4300 4215 3
4215 4162 3
4162 4109 3
4109 4108 3
4108 4031 3
4031 3961 3
3961 3962 2
3962 4007 3
4007 4008 3
4008 4059 2
4059 4032 2
4032 4060 2
4060 4009 2
4009 3984 2
3984 3963 1
3963 3912 2
3912 3891 3
3891 3938 2
3938 3911 2
3911 3864 2
3864 3890 3
3890 3910 2
3910 3863 2
3863 3820 2
3820 3840 3
3840 3770 3
3770 3745 2
3745 3702 2
3702 3653 2
3653 3612 2
3612 3569 2
3569 3523 2
3523 3442 3
3442 3418 3
3418 3493 3
3493 3474 3
3474 3494 3
3494 3443 2
3443 3419 2
3419 3364 2
3364 3363 2
3363 3303 2
3303 3270 1
3270 3269 2
3269 3207 2
3207 3176 2
3176 3114 3
3114 3055 2
3055 2993 2
2993 2992 2
2992 2928 2
2928 2863 2
2863 2927 2
2927 2991 2
2991 3053 2
3053 3054 2
3054 3113 2
3113 3175 2
3175 3241 2
3241 3362 4
3362 3330 3
3330 3417 3
3417 3416 3
3416 3361 2
3361 3302 2
3302 3239 2
3239 3240 2
3240 3174 2
3174 3112 2
3112 3081 2
3081 3016 2
3016 2954 2
2954 2891 2
2891 2830 2
2830 2829 2
2829 2890 2
2890 2862 2
2862 2797 2
2797 2767 1
2767 2707 2
2707 2650 2
2650 2708 2
2708 2733 1
2733 2768 2
2768 2709 2
2709 2651 2
2651 2592 2
2592 2591 2
2591 2566 2
2566 2590 2
2590 2619 1
2619 2678 2
2678 2649 2
2649 2589 2
2589 2543 2
2543 2544 3
2544 2499 2
2499 2483 2
2483 2500 2
2500 2521 1
2521 2522 2
2522 2484 2
2484 2460 1
2460 2441 2
2441 2459 1
2459 2440 2
2440 2417 1
2417 2376 2
2376 2416 2
2416 2415 2
2415 2458 2
2458 2498 2
2498 2482 2
2482 2457 1
2457 2414 2
2414 2374 2
2374 2375 2
2375 2334 2
2334 2288 2
2288 2287 2
2287 2249 2
2249 2208 2
2208 2228 2
2228 2250 2
2250 2289 2
2289 2335 2
2335 2314 1
2314 2272 2
2272 2229 2
2229 2185 2
2185 2145 2
2145 2121 1
2121 2184 3
2184 2183 2
2183 2144 2
2144 2099 2
2099 2077 1
2077 2076 2
2076 2075 2
2075 2120 2
2120 2164 2
2164 2207 2
2207 2182 2
2182 2143 2
2143 2098 2
2098 2048 2
2048 2004 2
2004 2034 2
2034 2005 2
2005 1956 2
1956 1955 3
1955 1927 1
1927 1874 2
1874 1819 2
1819 1763 2
1763 1699 2
1699 1666 2
1666 1636 2
1636 1607 2
1607 1571 1
1571 1536 2
1536 1506 1
1506 1435 2
1435 1400 1
1400 1327 2
1327 1259 2
1259 1258 2
1258 1293 1
1293 1257 2
1257 1256 2
1256 1292 1
1292 1326 2
1326 1364 2
1364 1399 1
1399 1470 2
1470 1469 2
1469 1535 2
1535 1570 2
1570 1634 2
1634 1635 2
1635 1665 2
1665 1698 2
1698 1729 3
1729 1788 2
1788 1847 2
1847 1903 2
1903 1977 3
1977 1954 2
1954 1926 1
1926 1873 2
1873 1818 2
1818 1762 2
1762 1761 2
1761 1728 3
1728 1727 3
1727 1760 2
1760 1697 2
1697 1606 3
1606 1605 2
1605 1569 1
1569 1505 2
1505 1434 2
1434 1398 2
1398 1363 2
1363 1397 2
1397 1325 2
1325 1255 2
1255 1224 1
1224 1223 2
1223 1149 2
1149 1113 1
1113 1043 2
1043 978 2
978 1042 2
1042 1079 1
1079 1112 1
1112 1148 2
1148 1182 1
1182 1222 2
1222 1254 1
1254 1291 2
1291 1362 2
1362 1396 1
1396 1468 2
1468 1534 2
1534 1504 1
1504 1433 2
1433 1503 2
1503 1502 2
1502 1432 2
1432 1431 2
1431 1501 2
1501 1567 2
1567 1533 2
1533 1466 2
1466 1467 2
1467 1394 2
1394 1395 2
1395 1360 2
1360 1361 2
1361 1324 1
1324 1290 2
1290 1253 1
1253 1181 2
1181 1111 2
1111 1078 1
1078 1077 2
1077 1147 2
1147 1110 2
1110 1076 1
1076 1041 2
1041 1109 2
1109 1146 2
1146 1180 1
1180 1221 2
1221 1252 1
1252 1323 2
1323 1322 2
1322 1359 2
1359 1430 2
1430 1358 2
1358 1289 2
1289 1251 2
1251 1220 1
1220 1179 2
1179 1250 2
1250 1288 1
1288 1357 2
1357 1429 2
1429 1465 1
1465 1500 2
1500 1566 2
1566 1602 1
1602 1632 2
1632 1663 1
1663 1726 2
1726 1787 2
1787 1871 3
1871 1952 3
1952 2003 3
2003 2072 4
2072 2030 3
2030 1951 3
1951 1870 3
1870 1814 2
1814 1786 2
1786 1725 3
1725 1724 3
1724 1694 2
1694 1662 2
1662 1631 2
1631 1565 2
1565 1532 2
1532 1499 2
1499 1564 2
1564 1601 1
1601 1661 2
1661 1723 2
1723 1693 2
1693 1692 2
1692 1630 2
1630 1563 2
1563 1498 2
1498 1464 2
1464 1427 1
1427 1497 2
1497 1561 2
1561 1562 2
1562 1600 1
1600 1660 2
1660 1629 2
1629 1691 2
1691 1756 2
1756 1722 2
1722 1783 2
1783 1842 2
1842 1896 2
1896 1949 2
1949 1973 3
1973 2001 2
2001 2029 3
2029 1950 3
1950 1898 3
1898 1897 3
1897 1843 2
1843 1757 3
1757 1784 2
1784 1813 2
1813 1785 2
1785 1844 2
1844 1899 3
1899 2002 4
2002 2071 3
2071 2119 2
2119 2159 2
2159 2225 3
2225 2284 3
2284 2269 3
2269 2329 4
2329 2310 3
2310 2330 3
2330 2350 3
2350 2270 4
2270 2245 3
2245 2244 4
2244 2205 3
2205 2160 3
2160 2094 4
2094 2140 4
2140 2161 3
2161 2162 4
2162 2206 3
2206 2246 3
2246 2226 3
2226 2285 3
2285 2332 3
2332 2372 2
2372 2412 2
2412 2455 3
2455 2395 3
2395 2351 2
2351 2312 2
2312 2286 2
2286 2247 2
2247 2180 3
2180 2141 2
2141 2096 2
2096 2163 4
2163 2095 3
2095 2074 2
2074 2073 3
2073 2046 3
2046 2031 2
2031 1953 3
1953 1900 4
1900 1815 3
1815 1758 2
1758 1695 2
1695 1664 2
1664 1603 2
1603 1568 1
1568 1604 3
1604 1633 2
1633 1696 2
1696 1759 2
1759 1845 3
1845 1846 3
1846 1925 3
1925 1974 3
1974 1975 3
1975 1901 3
1901 1816 3
1816 1817 3
1817 1872 2
1872 1902 1
1902 1976 3
1976 2032 2
2032 2033 3
2033 2047 1
2047 2097 2
2097 2142 2
2142 2181 2
2181 2227 2
2227 2248 2
2248 2271 1
2271 2313 2
2313 2333 2
2333 2373 2
2373 2413 2
2413 2456 2
2456 2520 4
2520 2519 3
2519 2542 2
2542 2541 3
2541 2481 3
2481 2439 3
2439 2371 3
2371 2331 3
2331 2311 3
2311 2394 4
2394 2438 2
2438 2480 2
2480 2540 4
2540 2586 3
2586 2616 1
2616 2646 2
2646 2617 2
2617 2676 2
2676 2731 2
2731 2763 2
2763 2704 2
2704 2677 2
2677 2647 2
2647 2587 2
2587 2588 3
2588 2618 1
2618 2648 2
2648 2706 2
2706 2732 2
2732 2796 2
2796 2861 2
2861 2889 1
2889 2860 2
2860 2795 2
2795 2766 1
2766 2705 2
2705 2765 2
2765 2764 2
2764 2828 2
2828 2859 1
2859 2924 2
2924 2925 3
2925 2989 2
2989 3051 2
3051 3139 3
3139 3237 3
3237 3267 3
3267 3268 3
3268 3172 3
3172 3140 1
3140 3079 2
3079 3052 2
3052 2952 3
2952 2990 1
2990 2926 2
2926 2953 2
2953 3015 2
3015 3080 2
3080 3141 2
3141 3173 1
3173 3238 2
3238 3301 2
3301 3360 2
3360 3359 3
3359 3415 2
3415 3473 2
3473 3492 3
3492 3542 2
3542 3611 3
3611 3652 2
3652 3701 2
3701 3769 3
3769 3768 3
3768 3719 2
3719 3680 2
3680 3610 3
3610 3541 3
3541 3522 3
3522 3472 3
3472 3414 2
3414 3358 2
3358 3329 3
3329 3236 3
3236 3138 3
3138 3050 3
3050 2988 2
2988 2923 2
2923 2858 2
2858 2827 2
2827 2888 2
2888 2987 3
2987 3049 2
3049 3137 3
3137 3111 3
3111 3048 2
3048 3014 2
3014 2986 2
2986 2951 1
2951 2886 2
2886 2887 2
2887 2826 2
2826 2794 2
2794 2762 2
2762 2703 2
2703 2675 2
2675 2730 2
2730 2761 1
2761 2825 2
2825 2857 1
2857 2922 2
2922 2921 2
2921 2985 2
2985 2984 2
2984 2983 2
2983 2920 2
2920 2919 2
2919 2854 2
2854 2855 2
2855 2856 2
2856 2792 2
2792 2793 2
2793 2729 2
2729 2702 1
2702 2674 2
2674 2645 1
2645 2644 2
2644 2585 2
2585 2565 3
2565 2518 3
2518 2437 4
2437 2436 4
2436 2435 4
2435 2411 4
2411 2370 4
2370 2309 4
2309 2224 4
2224 2204 2
2204 2139 3
2139 2093 2
2093 2118 3
2118 2070 2
2070 2028 3
2028 2000 3
2000 1972 2
1972 1924 2
1924 1841 3
1841 1782 3
1782 1840 2
1840 1781 3
1781 1755 2
1755 1720 2
1720 1690 2
1690 1689 2
1689 1754 2
1754 1812 2
1812 1839 2
1839 1869 2
1869 1923 2
1923 1999 3
1999 1948 3
1948 1947 3
1947 1895 2
1895 1894 3
1894 1868 1
1868 1811 3
1811 1780 2
1780 1753 2
1753 1688 2
1688 1752 2
1752 1717 2
1717 1655 2
1655 1654 2
1654 1594 2
1594 1556 2
1556 1492 2
1492 1420 2
1420 1348 2
1348 1282 2
1282 1213 2
1213 1172 1
1172 1141 2
1141 1071 2
1071 1003 2
1003 940 2
940 873 2
873 812 2
812 782 2
782 726 2
726 668 2
668 584 3
584 531 2
531 472 2
472 420 2
420 369 2
369 322 2
322 273 2
273 321 3
321 368 2
368 447 3
447 502 2
502 552 2
552 583 2
583 638 2
638 695 2
695 753 2
753 811 2
811 843 1
843 872 2
872 939 2
939 901 2
901 900 2
900 842 2
842 781 2
781 725 2
725 667 2
667 612 2
612 582 2
582 530 2
530 471 2
471 419 2
419 367 2
367 320 2
320 344 3
344 293 2
293 234 2
234 213 1
213 152 2
152 125 2
125 96 1
96 212 4
212 271 2
271 292 1
292 343 3
343 396 2
396 418 3
418 501 3
501 500 2
500 470 2
470 469 2
469 417 2
417 366 2
366 342 2
342 291 2
291 270 1
270 211 2
211 182 2
182 151 2
151 95 2
95 8 3
8 42 2
42 9 2
9 43 2
43 73 2
73 10 2
10 11 4
11 74 2
74 126 2
126 183 2
183 235 2
235 272 2
272 236 2
236 184 2
184 127 2
127 75 2
75 12 3
12 44 2
44 97 2
97 128 2
128 153 2
153 214 2
214 185 3
185 129 2
129 45 3
45 13 2
13 46 2
46 98 2
98 154 2
154 186 1
186 238 3
238 239 3
239 294 2
294 325 2
325 371 2
371 398 1
398 475 3
475 448 2
448 533 3
533 586 2
586 615 1
615 698 3
698 755 2
755 815 2
815 844 1
844 903 2
903 966 2
966 1031 2
1031 965 2
965 902 2
902 875 1
875 814 2
814 783 2
783 727 2
727 697 1
697 728 3
728 669 2
669 614 3
614 585 1
585 532 2
532 474 2
474 421 2
421 370 2
370 324 2
324 275 2
275 237 2
237 274 2
274 323 3
323 397 3
397 473 3
473 503 1
503 553 2
553 613 3
613 639 2
639 696 2
696 754 2
754 813 2
813 874 2
874 941 2
941 1004 2
1004 1072 2
1072 1102 2
1102 1173 2
1173 1243 2
1243 1316 2
1316 1317 2
1317 1349 2
1349 1421 2
1421 1459 2
1459 1389 2
1389 1388 2
1388 1458 2
1458 1528 2
1528 1527 2
1527 1595 2
1595 1626 2
1626 1557 2
1557 1493 2
1493 1558 2
1558 1596 1
1596 1656 2
1656 1718 2
1718 1719 2
1719 1657 2
1657 1597 2
1597 1627 2
1627 1559 2
1559 1529 2
1529 1494 1
1494 1460 2
1460 1422 1
1422 1350 2
1350 1283 2
1283 1244 2
1244 1174 2
1174 1214 2
1214 1284 3
1284 1351 2
1351 1390 1
1390 1423 1
1423 1461 1
1461 1495 2
1495 1424 2
1424 1391 1
1391 1318 2
1318 1285 1
1285 1215 2
1215 1175 2
1175 1104 2
1104 1103 2
1103 1073 1
1073 1005 2
1005 1006 2
1006 942 2
942 904 1
904 845 2
845 784 2
784 846 3
846 905 2
905 967 2
967 1032 2
1032 1074 2
1074 1007 2
1007 943 2
943 968 2
968 1033 2
1033 1105 2
1105 1142 2
1142 1216 2
1216 1245 2
1245 1246 2
1246 1319 2
1319 1352 1
1352 1425 2
1425 1496 2
1496 1530 1
1530 1598 2
1598 1560 1
1560 1628 2
1628 1658 2
1658 1721 2
1721 1659 2
1659 1599 2
1599 1531 2
1531 1463 2
1463 1462 2
1462 1426 1
1426 1353 2
1353 1286 2
1286 1354 2
1354 1392 1
1392 1320 2
1320 1355 2
1355 1393 1
1393 1428 2
1428 1356 2
1356 1321 1
1321 1287 2
1287 1248 2
1248 1247 2
1247 1217 1
1217 1176 2
1176 1143 1
1143 1075 2
1075 1034 1
1034 969 2
969 906 2
906 876 2
876 847 2
847 756 3
756 729 2
729 699 1
699 640 2
640 587 2
587 534 2
534 476 2
476 399 3
399 372 1
372 345 2
345 295 3
295 241 2
241 240 2
240 156 3
156 130 2
130 187 3
187 155 2
155 99 2
99 47 2
47 48 3
48 14 2
14 49 2
49 76 1
76 100 2
100 157 2
157 188 1
188 242 2
242 296 2
296 346 2
346 422 3
422 477 2
477 535 2
535 588 2
588 616 1
616 670 3
670 700 2
700 730 1
730 785 2
785 816 2
816 817 2
817 757 2
757 701 2
701 641 2
641 589 2
589 554 2
554 504 2
504 449 2
449 423 2
423 373 3
373 326 2
326 297 2
297 276 2
276 215 2
215 158 2
158 131 2
131 101 2
101 50 2
50 15 2
15 16 5
16 51 2
51 77 2
77 102 2
102 17 3
17 52 2
52 103 2
103 133 2
133 190 2
190 245 2
245 300 2
300 327 2
327 377 2
377 400 1
400 427 2
427 482 2
482 506 2
506 556 3
556 538 2
538 481 2
481 450 2
450 376 3
376 347 2
347 426 3
426 480 2
480 537 2
537 591 2
591 618 2
618 619 2
619 673 2
673 703 2
703 672 2
672 731 3
731 786 2
786 848 2
848 909 2
909 972 2
972 1038 2
1038 1037 2
1037 1036 2
1036 971 2
971 908 2
908 878 1
878 819 2
819 759 2
759 702 2
702 643 2
643 617 2
617 555 2
555 505 2
505 479 1
479 425 2
425 375 2
375 299 3
299 244 2
244 189 2
189 160 1
160 159 3
159 132 2
132 216 3
216 243 2
243 298 2
298 374 3
374 424 2
424 478 2
478 536 2
536 590 2
590 642 2
642 671 1
671 758 3
758 818 2
818 877 2
877 907 1
907 970 2
970 1035 2
1035 1106 2
1106 1144 2
1144 1177 2
1177 1107 2
1107 1145 2
1145 1218 2
1218 1249 2
1249 1219 1
1219 1178 2
1178 1108 2
1108 1040 2
1040 1039 2
1039 973 2
973 910 2
910 849 2
849 787 2
787 760 3
760 788 1
788 850 2
850 911 2
911 974 2
974 975 2
975 976 2
976 1008 2
1008 1009 2
1009 944 2
944 912 2
912 851 2
851 879 2
879 820 2
820 761 2
761 789 2
789 705 3
705 704 3
704 644 2
644 592 2
592 557 2
557 507 2
507 451 2
451 401 2
401 348 3
348 328 1
328 278 2
278 277 3
277 246 2
246 161 3
161 191 1
191 217 2
217 162 2
162 105 2
105 78 2
78 104 2
104 18 4
18 53 2
53 19 2
19 20 3
20 54 2
54 21 2
21 55 2
55 22 2
22 23 3
23 79 2
79 108 1
108 134 1
134 192 3
192 247 2
247 301 2
301 219 3
219 164 2
164 107 2
107 106 3
106 163 2
163 218 2
218 279 2
279 329 2
329 378 2
378 349 2
349 402 2
402 452 3
452 483 2
483 508 1
508 559 2
559 560 2
560 594 2
594 595 3
595 648 2
648 708 2
708 733 1
733 675 3
675 621 2
621 561 2
561 539 2
539 485 2
485 509 3
509 484 1
484 429 2
429 428 2
428 379 2
379 350 2
350 302 2
302 248 2
248 193 2
193 220 2
220 194 1
194 135 2
135 80 2
80 24 2
24 25 3
25 81 2
81 136 2
136 195 2
195 137 2
137 165 2
165 221 2
221 250 1
250 304 2
304 330 2
330 280 2
280 249 2
249 303 3
303 351 3
351 430 3
430 403 2
403 431 3
431 486 2
486 510 1
510 562 2
562 622 2
622 676 2
676 709 2
709 766 2
766 793 1
793 825 2
825 884 2
884 918 1
918 983 2
983 1047 2
1047 1046 2
1046 982 2
982 946 1
946 883 2
883 855 2
855 917 2
917 854 2
854 824 1
824 765 2
765 734 2
734 792 2
792 853 3
853 823 1
823 791 2
791 732 2
732 707 1
707 647 2
647 674 3
674 646 1
646 593 3
593 558 2
558 620 3
620 645 2
645 706 2
706 762 2
762 821 2
821 880 2
880 913 2
913 977 2
977 1010 2
1010 945 2
945 881 2
881 852 2
852 763 3
763 764 2
764 790 1
790 822 2
822 882 2
882 914 1
914 979 2
979 1044 2
1044 1045 2
1045 1114 2
1114 1150 1
1150 1183 1
1183 1184 2
1184 1185 2
1185 1115 2
1115 1080 1
1080 1011 2
1011 980 2
980 915 2
915 916 2
916 981 2
981 1012 2
1012 1081 2
1081 1151 2
1151 1116 2
1116 1186 2
1186 1260 2
1260 1328 2
1328 1401 2
1401 1471 2
1471 1507 2
1507 1537 1
1537 1572 2
1572 1608 3
1608 1538 2
1538 1472 2
1472 1437 1
1437 1436 2
1436 1365 2
1365 1294 2
1294 1225 2
1225 1187 2
1187 1117 2
1117 1152 2
1152 1082 2
1082 1013 2
1013 947 2
947 919 1
919 920 2
920 857 2
857 795 2
795 827 2
827 858 1
858 922 2
922 948 1
948 921 2
921 984 2
984 1048 2
1048 1014 2
1014 1083 2
1083 1118 1
1118 1153 2
1153 1084 2
1084 1015 2
1015 1049 2
1049 1119 2
1119 1189 2
1189 1262 2
1262 1330 2
1330 1329 2
1329 1261 2
1261 1227 1
1227 1188 2
1188 1226 2
1226 1296 2
1296 1295 2
1295 1366 2
1366 1367 2
1367 1402 1
1402 1473 2
1473 1539 2
1539 1609 2
1609 1667 2
1667 1730 2
1730 1764 2
1764 1820 2
1820 1848 1
1848 1904 2
1904 1849 2
1849 1789 2
1789 1821 2
1821 1850 1
1850 1905 2
1905 1957 2
1957 2006 2
2006 1978 3
1978 2007 1
2007 2049 2
2049 2078 2
2078 2035 2
2035 1979 2
1979 2008 1
2008 2050 2
2050 2079 2
2079 2100 1
2100 2146 2
2146 2165 2
2165 2186 1
2186 2209 2
2209 2251 2
2251 2273 2
2273 2291 2
2291 2252 2
2252 2230 2
2230 2187 2
2187 2147 2
2147 2123 1
2123 2122 2
2122 2080 2
2080 2051 1
2051 2009 2
2009 2010 2
2010 1959 2
1959 1958 2
1958 1930 1
1930 1876 2
1876 1929 2
1929 1928 2
1928 1875 2
1875 1822 2
1822 1765 2
1765 1701 2
1701 1669 2
1669 1732 2
1732 1731 2
1731 1700 1
1700 1668 2
1668 1637 3
1637 1610 2
1610 1540 2
1540 1474 2
1474 1438 2
1438 1403 2
1403 1404 3
1404 1331 2
1331 1263 2
1263 1190 2
1190 1191 2
1191 1120 2
1120 1085 1
1085 1050 1
1050 986 2
986 985 2
985 923 2
923 859 2
859 796 2
796 769 2
769 737 2
737 679 2
679 678 2
678 653 1
653 736 3
736 713 1
713 652 2
652 599 2
599 542 2
542 488 2
488 456 2
456 405 2
405 382 2
382 355 2
355 308 2
308 255 2
255 199 2
199 167 2
167 222 2
222 281 2
281 331 2
331 381 2
381 404 1
404 454 2
454 455 2
455 514 2
514 564 2
564 624 2
624 677 2
677 735 2
735 794 2
794 856 2
856 826 1
826 768 2
768 767 2
767 711 2
711 712 2
712 651 2
651 597 2
597 598 3
598 541 2
541 513 2
513 512 2
512 540 2
540 596 2
596 650 2
650 710 2
710 649 2
649 623 2
623 563 2
563 511 2
511 487 3
487 453 2
453 434 2
434 433 2
433 432 2
432 380 2
380 352 2
352 305 3
305 252 2
252 251 2
251 196 2
196 138 2
138 109 2
109 82 2
82 26 2
26 56 2
56 27 1
27 28 2
28 83 2
83 84 2
84 139 2
139 166 1
166 197 1
197 253 2
253 306 2
306 353 2
353 354 3
354 307 2
307 254 2
254 198 2
198 140 2
140 85 2
85 29 2
29 30 3
30 110 3
110 57 2
57 31 2
31 32 3
32 86 2
86 111 2
111 141 2
141 200 2
200 256 2
256 309 2
309 310 3
310 257 2
257 201 2
201 142 2
142 87 2
87 33 3
33 58 2
58 112 2
112 168 2
168 202 1
202 258 2
258 332 3
332 383 2
383 406 1
406 457 2
457 515 2
515 600 3
600 601 2
601 625 1
625 680 2
680 738 2
738 797 2
797 860 2
860 924 2
924 949 2
949 987 1
987 1016 2
1016 1051 2
1051 1052 2
1052 1087 2
1087 1193 3
1193 1121 2
1121 1088 1
1088 1017 2
1017 988 2
988 925 2
925 885 2
885 828 2
828 770 2
770 714 2
714 739 2
739 798 2
798 861 2
861 926 2
926 862 3
862 799 2
799 740 2
740 681 2
681 655 2
655 603 2
603 654 3
654 602 2
602 543 2
543 516 2
516 458 3
458 435 1
435 384 2
384 356 2
356 333 2
333 282 2
282 223 2
223 169 2
169 113 2
113 59 2
59 60 3
60 61 3
61 114 3
114 170 2
170 203 1
203 259 3
259 283 2
283 334 2
334 385 2
385 436 2
436 489 2
489 517 1
517 565 3
565 604 2
604 566 2
566 605 2
605 626 2
626 682 3
682 656 3
656 715 2
715 800 3
800 863 2
863 951 3
951 927 2
927 950 2
950 1018 3
1018 1053 1
1053 1122 2
1122 1194 2
1194 1229 3
1229 1157 2
1157 1123 2
1123 1089 1
1089 1054 1
1054 989 2
989 928 2
928 990 3
990 1055 2
1055 1124 2
1124 1158 2
1158 1196 1
1196 1230 2
1230 1195 2
1195 1267 2
1267 1299 2
1299 1300 2
1300 1372 2
1372 1268 3
1268 1197 2
1197 1125 2
1125 1090 2
1090 1019 2
1019 1020 2
1020 952 2
952 929 2
929 864 2
864 830 1
830 829 3
829 771 2
771 716 2
716 683 2
683 741 2
741 772 3
772 717 2
717 657 2
657 627 2
627 567 3
567 520 3
520 519 2
519 459 3
459 518 3
518 490 1
490 437 2
437 407 2
407 357 3
357 284 3
284 224 2
224 171 2
171 115 2
115 62 2
62 63 3
63 88 2
88 34 3
34 35 4
35 64 2
64 116 2
116 173 2
173 227 2
227 260 2
260 204 3
204 228 2
228 261 1
261 314 2
314 361 2
361 387 3
387 337 2
337 286 2
286 262 2
262 205 3
205 175 1
175 174 3
174 146 2
146 145 3
145 89 2
89 36 3
36 65 2
65 90 1
90 117 2
117 37 3
37 66 2
66 118 2
118 206 3
206 263 2
263 338 3
338 388 2
388 441 2
441 493 2
493 571 3
571 660 3
660 719 2
719 802 3
802 888 3
888 991 3
991 1057 2
1057 1127 2
1127 1199 2
1199 1270 2
1270 1303 1
1303 1376 2
1376 1375 2
1375 1447 2
1447 1515 2
1515 1581 2
1581 1580 3
1580 1514 2
1514 1446 2
1446 1406 2
1406 1374 1
1374 1336 2
1336 1302 1
1302 1233 2
1233 1198 1
1198 1161 1
1161 1160 2
1160 1091 2
1091 1092 2
1092 1022 2
1022 953 2
953 887 2
887 831 2
831 774 2
774 718 2
718 659 2
659 606 2
606 570 2
570 522 2
522 461 2
461 492 2
492 440 2
440 410 2
410 439 2
439 386 2
386 360 2
360 313 2
313 336 2
336 312 2
312 359 3
359 311 2
311 226 3
226 144 3
144 172 2
172 143 2
143 225 3
225 285 2
285 335 2
335 358 2
358 408 2
408 438 2
438 409 2
409 460 2
460 521 2
521 568 3
568 491 4
491 544 2
544 569 1
569 658 3
658 684 1
684 773 3
773 801 1
801 865 3
865 886 2
886 930 1
930 1021 3
1021 1056 1
1056 1126 2
1126 1159 1
1159 1231 2
1231 1232 2
1232 1269 1
1269 1335 2
1335 1301 2
1301 1373 2
1373 1445 2
1445 1478 2
1478 1579 4
1579 1642 3
1642 1738 3
1738 1675 4
1675 1771 3
1771 1855 3
1855 1911 2
1911 2015 4
2015 1985 1
1985 1935 2
1935 1910 2
1910 1854 2
1854 1828 2
1828 1793 2
1793 1737 2
1737 1674 2
1674 1543 4
1543 1477 2
1477 1444 3
1444 1405 3
1405 1513 3
1513 1476 2
1476 1443 1
1443 1334 3
1334 1371 2
1371 1298 2
1298 1266 2
1266 1192 2
1192 1156 1
1156 1155 2
1155 1086 2
1086 1154 2
1154 1228 2
1228 1264 2
1264 1265 2
1265 1333 2
1333 1370 2
1370 1442 2
1442 1512 2
1512 1542 2
1542 1577 2
1577 1640 2
1640 1703 2
1703 1671 2
1671 1613 2
1613 1612 2
1612 1576 1
1576 1511 2
1511 1441 2
1441 1510 3
1510 1509 2
1509 1440 2
1440 1369 2
1369 1332 2
1332 1297 2
1297 1368 2
1368 1439 2
1439 1508 2
1508 1475 2
1475 1541 2
1541 1573 2
1573 1574 2
1574 1611 1
1611 1638 2
1638 1575 2
1575 1639 2
1639 1670 1
1670 1734 2
1734 1733 2
1733 1790 2
1790 1823 2
1823 1877 2
1877 1906 2
1906 1931 2
1931 1960 1
1960 2011 2
2011 2052 2
2052 2101 2
2101 2124 2
2124 2166 2
2166 2210 2
2210 2231 2
2231 2253 2
2253 2254 2
2254 2293 2
2293 2338 2
2338 2356 1
2356 2378 2
2378 2421 2
2421 2443 1
2443 2485 2
2485 2523 2
2523 2504 1
2504 2463 2
2463 2462 2
2462 2420 2
2420 2399 2
2399 2355 2
2355 2317 2
2317 2292 1
2292 2274 2
2274 2316 2
2316 2354 2
2354 2353 2
2353 2337 1
2337 2315 2
2315 2290 2
2290 2336 2
2336 2352 2
2352 2377 1
2377 2396 1
2396 2397 2
2397 2418 2
2418 2398 1
2398 2419 2
2419 2442 1
2442 2461 2
2461 2501 2
2501 2545 2
2545 2593 2
2593 2652 2
2652 2710 2
2710 2769 2
2769 2798 1
2798 2864 2
2864 2865 2
2865 2929 2
2929 2994 3
2994 3056 2
3056 3115 3
3115 3177 3
3177 3242 3
3242 3304 2
3304 3365 2
3365 3366 2
3366 3420 2
3420 3495 3
3495 3544 2
3544 3593 3
3593 3639 2
3639 3656 2
3656 3681 2
3681 3657 2
3657 3613 2
3613 3570 2
3570 3545 1
3545 3496 3
3496 3421 3
3421 3390 1
3390 3331 2
3331 3305 2
3305 3271 1
3271 3208 2
3208 3142 2
3142 3082 2
3082 3057 2
3057 3017 1
3017 2955 2
2955 2930 2
2930 2893 2
2893 2892 2
2892 2831 2
2831 2799 2
2799 2734 2
2734 2679 2
2679 2653 1
2653 2594 2
2594 2546 2
2546 2502 2
2502 2503 2
2503 2547 2
2547 2567 1
2567 2568 2
2568 2621 2
2621 2620 2
2620 2680 2
2680 2735 2
2735 2770 2
2770 2800 2
2800 2736 2
2736 2711 1
2711 2681 2
2681 2654 1
2654 2622 2
2622 2596 1
2596 2595 2
2595 2548 2
2548 2505 2
2505 2506 2
2506 2464 2
2464 2444 1
2444 2465 2
2465 2507 2
2507 2466 2
2466 2422 2
2422 2401 2
2401 2358 2
2358 2319 2
2319 2320 2
2320 2359 2
2359 2380 1
2380 2423 2
2423 2467 2
2467 2445 2
2445 2402 2
2402 2360 2
2360 2276 4
2276 2233 3
2233 2256 2
2256 2232 2
2232 2213 2
2213 2275 3
2275 2318 2
2318 2357 2
2357 2400 2
2400 2379 2
2379 2339 2
2339 2294 2
2294 2255 2
2255 2212 2
2212 2189 2
2189 2168 2
2168 2167 2
2167 2211 2
2211 2188 2
2188 2148 2
2148 2102 2
2102 2053 2
2053 2054 2
2054 2012 2
2012 1961 2
1961 1907 2
1907 1878 2
1878 1851 2
1851 1824 1
1824 1766 2
1766 1702 2
1702 1767 2
1767 1768 2
1768 1825 2
1825 1769 2
1769 1791 2
1791 1852 2
1852 1879 2
1879 1932 2
1932 1980 2
1980 2013 1
2013 2055 2
2055 2081 1
2081 2125 2
2125 2103 2
2103 2056 2
2056 2104 2
2104 2149 2
2149 2150 2
2150 2190 2
2190 2191 2
2191 2126 3
2126 2058 3
2058 2105 3
2105 2057 2
2057 2014 2
2014 1982 1
1982 1981 2
1981 1933 2
1933 1908 2
1908 1853 2
1853 1880 2
1880 1826 2
1826 1792 1
1792 1735 2
1735 1704 2
1704 1641 2
1641 1578 2
1578 1614 2
1614 1672 2
1672 1673 3
1673 1736 2
1736 1770 2
1770 1827 2
1827 1881 2
1881 1934 2
1934 1909 2
1909 1983 3
1983 1984 3
1984 2106 5
2106 2151 3
2151 2234 4
2234 2321 4
2321 2381 3
2381 2446 3
2446 2509 3
2509 2552 2
2552 2599 2
2599 2658 2
2658 2683 1
2683 2713 2
2713 2773 2
2773 2834 2
2834 2896 2
2896 2897 2
2897 2958 2
2958 2997 1
2997 3020 2
3020 3084 2
3084 3143 2
3143 3181 1
3181 3209 2
3209 3245 1
3245 3274 2
3274 3333 2
3333 3306 2
3306 3273 1
3273 3244 2
3244 3180 2
3180 3117 2
3117 3083 1
3083 3061 2
3061 3019 2
3019 2957 2
2957 2895 2
2895 2833 2
2833 2803 2
2803 2739 2
2739 2738 2
2738 2772 2
2772 2712 2
2712 2682 2
2682 2625 2
2625 2624 2
2624 2570 2
2570 2524 2
2524 2486 2
2486 2508 2
2508 2569 3
2569 2623 2
2623 2657 1
2657 2656 3
2656 2598 2
2598 2551 2
2551 2550 2
2550 2549 2
2549 2597 2
2597 2655 2
2655 2737 3
2737 2771 3
2771 2801 2
2801 2802 2
2802 2868 2
2868 2894 1
2894 2933 2
2933 2996 2
2996 2956 2
2956 2867 3
2867 2932 3
2932 2866 2
2866 2832 2
2832 2931 3
2931 2995 2
2995 3018 2
3018 3058 2
3058 3059 3
3059 3060 2
3060 3116 2
3116 3179 2
3179 3178 4
3178 3243 2
3243 3272 3
3272 3332 2
3332 3391 2
3391 3444 2
3444 3497 2
3497 3475 2
3475 3422 2
3422 3367 2
3367 3392 2
3392 3423 1
3423 3476 2
3476 3524 2
3524 3571 2
3571 3546 3
3546 3594 2
3594 3614 1
3614 3640 2
3640 3658 3
3658 3682 2
3682 3704 1
3704 3725 2
3725 3823 4
3823 3793 2
3793 3792 2
3792 3747 2
3747 3724 2
3724 3703 2
3703 3723 2
3723 3772 2
3772 3773 2
3773 3791 1
3791 3842 2
3842 3866 2
3866 3843 2
3843 3893 2
3893 3941 2
3941 3987 2
3987 4035 2
4035 4061 2
4061 4112 3
4112 4088 2
4088 4034 2
4034 3986 2
3986 3940 2
3940 3914 2
3914 3892 2
3892 3841 2
3841 3822 1
3822 3746 3
3746 3722 3
3722 3655 4
3655 3592 4
3592 3543 4
3543 3591 2
3591 3654 3
3654 3721 4
3721 3720 3
3720 3771 2
3771 3789 1
3789 3790 3
3790 3821 3
3821 3865 2
3865 3913 2
3913 3939 1
3939 3964 2
3964 3985 2
3985 4033 2
4033 4087 2
4087 4136 2
4136 4137 2
4137 4194 2
4194 4246 2
4246 4245 2
4245 4193 2
4193 4135 2
4135 4086 2
4086 4111 2
4111 4110 3
4110 4163 2
4163 4192 2
4192 4244 2
4244 4301 2
4301 4382 3
4382 4407 2
4407 4461 2
4461 4462 2
4462 4517 2
4517 4518 2
4518 4463 2
4463 4437 1
4437 4408 2
4408 4383 1
4383 4354 2
4354 4302 2
4302 4322 2
4322 4355 1
4355 4303 2
4303 4270 1
4270 4247 2
4247 4216 1
4216 4164 2
4164 4195 1
4195 4217 2
4217 4271 2
4271 4323 2
4323 4356 1
4356 4384 2
4384 4409 1
4409 4438 2
4438 4490 2
4490 4541 2
4541 4598 2
4598 4656 2
4656 4769 4
4769 4739 2
4739 4799 2
4799 4768 1
4768 4712 2
4712 4685 1
4685 4655 1
4655 4597 2
4597 4572 2
4572 4631 2
4631 4596 1
4596 4540 2
4540 4539 3
4539 4489 3
4489 4460 3
4460 4488 3
4488 4459 3
4459 4406 3
4406 4380 3
4380 4379 3
4379 4458 3
4458 4538 3
4538 4516 3
4516 4594 3
4594 4629 1
4629 4710 3
4710 4795 3
4795 4870 3
4870 4926 2
4926 4959 1
4959 5012 2
5012 5070 4
5070 5013 2
5013 4960 2
4960 4871 3
4871 4796 3
4796 4797 3
4797 4872 3
4872 4927 3
4927 4984 2
4984 5045 2
5045 5102 2
5102 5130 1
5130 5155 3
5155 5212 2
5212 5213 2
5213 5244 1
5244 5304 2
5304 5366 2
5366 5428 2
5428 5489 2
5489 5488 2
5488 5552 2
5552 5585 1
5585 5612 1
5612 5613 2
5613 5676 2
5676 5706 1
5706 5769 2
5769 5770 2
5770 5798 1
5798 5739 2
5739 5799 2
5799 5862 2
5862 5898 1
5898 5930 1
5930 5931 2
5931 5863 2
5863 5800 2
5800 5740 2
5740 5678 2
5678 5677 2
5677 5649 1
5649 5614 1
5614 5554 2
5554 5553 2
5553 5490 2
5490 5429 2
5429 5398 1
5398 5335 2
5335 5336 2
5336 5275 2
5275 5245 1
5245 5188 2
5188 5131 2
5131 5071 2
5071 5014 2
5014 4905 4
4905 4849 2
4849 4822 2
4822 4737 3
4737 4711 3
4711 4684 3
4684 4570 4
4570 4595 3
4595 4571 3
4571 4630 2
4630 4654 3
4654 4738 4
4738 4798 3
4798 4873 4
4873 4985 4
4985 5046 2
5046 5072 1
5072 5132 2
5132 5189 2
5189 5214 2
5214 5246 1
5246 5306 2
5306 5305 2
5305 5367 2
5367 5430 2
5430 5399 2
5399 5458 2
5458 5491 1
5491 5555 2
5555 5615 2
5615 5556 2
5556 5492 2
5492 5431 2
5431 5368 2
5368 5400 2
5400 5337 2
5337 5307 2
5307 5247 2
5247 5191 2
5191 5190 2
5190 5156 2
5156 5133 2
5133 5103 1
5103 5047 2
5047 4986 2
4986 4928 2
4928 4874 3
4874 4850 3
4850 4906 2
4906 4930 2
4930 4929 4
4929 4987 2
4987 4988 2
4988 5015 1
5015 5048 2
5048 5104 2
5104 5074 2
5074 5073 2
5073 5134 2
5134 5157 2
5157 5216 2
5216 5277 2
5277 5215 3
5215 5276 2
5276 5338 2
5338 5369 1
5369 5401 2
5401 5432 3
5432 5493 2
5493 5522 2
5522 5587 2
5587 5558 2
5558 5617 2
5617 5679 2
5679 5709 2
5709 5652 2
5652 5710 2
5710 5773 2
5773 5901 4
5901 5866 2
5866 5836 1
5836 5803 2
5803 5772 1
5772 5742 2
5742 5708 2
5708 5651 2
5651 5586 2
5586 5521 2
5521 5460 2
5460 5459 2
5459 5520 2
5520 5557 1
5557 5616 2
5616 5650 1
5650 5707 2
5707 5741 1
5741 5801 2
5801 5835 2
5835 5771 2
5771 5802 2
5802 5864 2
5864 5865 2
5865 5933 2
5933 5963 1
5963 5932 2
5932 5899 1
5899 5962 2
5962 5997 1
5997 6036 2
6036 6104 2
6104 6137 1
6137 6209 2
6209 6283 2
6283 6324 1
6324 6359 2
6359 6284 2
6284 6210 2
6210 6176 1
6176 6138 1
6138 6067 2
6067 6066 2
6066 6037 1
6037 5964 2
5964 5900 2
5900 5965 2
5965 5998 1
5998 6038 2
6038 6105 2
6105 6177 2
6177 6247 2
6247 6285 1
6285 6325 2
6325 6401 2
6401 6360 2
6360 6438 2
6438 6472 2
6472 6546 2
6546 6620 2
6620 6694 2
6694 6731 1
6731 6765 2
6765 6840 2
6840 6875 3
6875 6839 1
6839 6802 1
6802 6730 3
6730 6656 2
6656 6619 1
6619 6545 2
6545 6512 2
6512 6437 2
6437 6400 2
6400 6471 2
6471 6511 1
6511 6544 2
6544 6580 2
6580 6581 2
6581 6655 2
6655 6693 1
6693 6763 2
6763 6764 2
6764 6801 1
6801 6874 2
6874 6873 2
6873 6838 1
6838 6800 2
6800 6872 2
6872 6871 2
6871 6799 2
6799 6728 2
6728 6729 2
6729 6654 2
6654 6618 1
6618 6579 2
6579 6509 2
6509 6510 2
6510 6436 2
6436 6399 1
6399 6358 1
6358 6281 2
6281 6282 2
6282 6208 2
6208 6175 1
6175 6103 2
6103 6065 2
6065 6064 2
6064 5996 2
5996 6035 1
6035 5995 2
5995 6063 2
6063 5994 2
5994 5929 2
5929 5861 2
5861 5860 2
5860 5834 1
5834 5897 2
5897 5960 2
5960 5961 2
5961 6034 2
6034 6062 2
6062 6134 2
6134 6133 2
6133 6205 2
6205 6245 2
6245 6279 1
6279 6206 2
6206 6174 1
6174 6102 2
6102 6135 2
6135 6136 2
6136 6207 2
6207 6246 1
6246 6280 1
6280 6357 2
6357 6356 2
6356 6435 2
6435 6470 1
6470 6434 2
6434 6355 2
6355 6323 2
6323 6398 2
6398 6469 2
6469 6508 2
6508 6577 2
6577 6651 2
6651 6616 1
6616 6615 2
6615 6541 2
6541 6542 2
6542 6468 2
6468 6433 1
6433 6354 2
6354 6278 2
6278 6244 2
6244 6173 2
6173 6101 2
6101 6033 2
6033 6100 2
6100 6061 2
6061 5993 2
5993 5992 2
5992 5959 1
5959 5895 2
5895 5833 2
5833 5896 2
5896 5928 1
5928 5859 2
5859 5796 2
5796 5737 2
5737 5797 2
5797 5738 2
5738 5675 2
5675 5674 2
5674 5611 2
5611 5648 2
5648 5584 2
5584 5647 2
5647 5705 2
5705 5768 2
5768 5704 2
5704 5673 2
5673 5703 1
5703 5672 2
5672 5646 1
5646 5608 2
5608 5607 2
5607 5606 2
5606 5581 1
5581 5547 2
5547 5513 1
5513 5453 2
5453 5423 2
5423 5485 2
5485 5514 2
5514 5454 2
5454 5515 2
5515 5516 2
5516 5548 1
5548 5582 2
5582 5609 2
5609 5583 1
5583 5610 2
5610 5549 2
5549 5486 2
5486 5456 2
5456 5518 2
5518 5517 2
5517 5455 2
5455 5425 2
5425 5424 2
5424 5395 2
5395 5331 2
5331 5360 3
5360 5330 1
5330 5299 2
5299 5270 1
5270 5210 2
5210 5181 2
5181 5125 2
5125 5041 3
5041 5009 2
5009 4956 3
4956 4982 3
4982 5068 3
5068 5126 2
5126 5182 2
5182 5238 2
5238 5271 2
5271 5239 2
5239 5183 2
5183 5184 3
5184 5127 2
5127 5098 1
5098 5069 2
5069 5010 2
5010 5011 3
5011 4925 3
4925 4957 2
4957 4983 2
4983 5042 2
5042 5099 2
5099 5128 2
5128 5186 2
5186 5241 2
5241 5300 2
5300 5185 4
5185 5240 2
5240 5272 2
5272 5332 2
5332 5333 2
5333 5361 1
5361 5396 2
5396 5362 2
5362 5301 2
5301 5242 2
5242 5187 2
5187 5243 3
5243 5302 2
5302 5363 2
5363 5426 2
5426 5457 2
5457 5519 2
5519 5550 1
5550 5551 2
5551 5487 2
5487 5427 2
5427 5397 2
5397 5334 2
5334 5364 1
5364 5365 2
5365 5303 2
5303 5274 1
5274 5273 2
5273 5211 2
5211 5154 2
5154 5129 2
5129 5101 1
5101 5100 3
5100 5044 2
5044 5043 3
5043 4958 3
4958 4904 4
4904 4869 3
4869 4821 2
4821 4736 3
4736 4709 1
4709 4628 3
4628 4537 3
4537 4487 2
4487 4405 3
4405 4352 2
4352 4299 5
4299 4267 2
4267 4243 3
4243 4189 3
4189 4134 3
4134 4084 3
4084 4056 2
4056 4003 3
4003 3983 3
3983 4055 3
4055 4106 2
4106 4159 2
4159 4214 2
4214 4188 2
4188 4242 3
4242 4298 3
4298 4378 3
4378 4436 2
4436 4486 3
4486 4569 3
4569 4627 2
4627 4683 2
4683 4767 3
4767 4820 2
4820 4848 3
4848 4766 3
4766 4708 2
4708 4653 2
4653 4593 2
4593 4515 3
4515 4514 3
4514 4435 3
4435 4351 3
4351 4297 3
4297 4404 4
4404 4350 3
4350 4266 3
4266 4265 3
4265 4349 3
4349 4348 3
4348 4403 2
4403 4434 2
4434 4457 2
4457 4485 2
4485 4536 2
4536 4626 3
4626 4592 3
4592 4652 2
4652 4735 3
4735 4734 3
4734 4794 2
4794 4819 3
4819 4847 2
4847 4924 3
4924 4903 2
4903 4868 2
4868 4818 3
4818 4765 2
4765 4707 2
4707 4682 2
4682 4625 2
4625 4568 2
4568 4513 2
4513 4535 2
4535 4484 2
4484 4402 4
4402 4456 2
4456 4512 3
4512 4534 2
4534 4591 2
4591 4624 3
4624 4681 3
4681 4706 2
4706 4764 2
4764 4793 2
4793 4846 2
4846 4902 2
4902 4955 3
4955 4901 3
4901 4845 2
4845 4792 3
4792 4844 3
4844 4843 3
4843 4899 2
4899 4923 2
4923 4900 2
4900 4954 2
4954 5008 3
5008 5097 3
5097 5067 2
5067 5124 2
5124 5209 3
5209 5180 2
5180 5179 3
5179 5096 3
5096 5040 2
5040 5007 2
5007 5039 3
5039 4981 2
4981 4953 2
4953 4898 2
4898 4842 2
4842 4791 2
4791 4761 3
4761 4762 2
4762 4763 2
4763 4680 3
4680 4623 2
4623 4567 3
4567 4622 2
4622 4679 2
4679 4705 2
4705 4678 2
4678 4621 2
4621 4590 2
4590 4532 2
4532 4483 2
4483 4453 2
4453 4375 3
4375 4293 3
4293 4319 2
4319 4376 2
4376 4400 1
4400 4454 2
4454 4533 3
4533 4511 2
4511 4455 2
4455 4401 2
4401 4377 1
4377 4347 2
4347 4294 2
4294 4240 3
4240 4295 2
4295 4320 2
4320 4296 3
4296 4241 3
4241 4186 3
4186 4132 2
4132 4131 3
4131 4185 2
4185 4239 2
4239 4238 2
4238 4212 1
4212 4157 2
4157 4104 2
4104 4051 2
4051 4027 2
4027 4002 1
4002 3955 2
3955 3903 2
3903 3857 2
3857 3837 2
3837 3785 2
3785 3764 2
3764 3812 2
3812 3856 2
3856 3884 1
3884 3885 2
3885 3954 3
3954 3933 2
3933 3932 3
3932 3953 1
3953 3979 2
3979 4001 2
4001 4026 2
4026 4082 2
4082 4081 2
4081 4050 1
4050 4025 2
4025 4000 1
4000 3999 3
3999 3952 2
3952 3931 2
3931 3930 2
3930 3951 1
3951 3978 2
3978 4024 2
4024 4049 2
4049 4079 1
4079 4080 2
4080 4102 2
4102 4154 2
4154 4155 2
4155 4183 1
4183 4236 3
4236 4263 2
4263 4292 2
4292 4237 2
4237 4184 2
4184 4129 2
4129 4130 2
4130 4083 2
4083 4103 2
4103 4156 2
4156 4211 2
4211 4264 2
4264 4318 2
4318 4374 2
4374 4433 2
4433 4482 2
4482 4510 1
4510 4566 2
4566 4620 2
4620 4676 2
4676 4677 2
4677 4733 2
4733 4760 2
4760 4817 2
4817 4867 2
4867 4897 2
4897 4952 3
4952 4980 2
4980 5038 2
5038 5066 2
5066 5123 2
5123 5095 3
5095 5153 2
5153 5178 1
5178 5268 3
5268 5237 3
5237 5236 3
5236 5177 2
5177 5122 3
5122 5094 2
5094 5037 2
5037 4979 2
4979 4922 2
4922 4896 2
4896 4841 3
4841 4816 2
4816 4732 3
4732 4759 2
4759 4731 2
4731 4674 2
4674 4651 2
4651 4704 2
4704 4730 1
4730 4673 3
4673 4650 1
4650 4588 2
4588 4589 2
4589 4563 1
4563 4564 2
4564 4618 2
4618 4675 2
4675 4619 2
4619 4565 2
4565 4509 2
4509 4481 1
4481 4432 2
4432 4373 2
4373 4346 2
4346 4431 3
4431 4480 2
4480 4531 2
4531 4508 2
4508 4562 2
4562 4617 2
4617 4561 2
4561 4507 2
4507 4479 1
4479 4429 3
4429 4372 3
4372 4343 2
4343 4289 2
4289 4232 2
4232 4209 1
4209 4208 2
4208 4262 2
4262 4316 2
4316 4342 1
4342 4398 2
4398 4428 2
4428 4452 2
4452 4506 3
4506 4559 2
4559 4587 2
4587 4560 1
4560 4616 2
4616 4671 2
4671 4672 2
4672 4729 2
4729 4758 2
4758 4789 1
4789 4815 2
4815 4790 1
4790 4840 2
4840 4895 2
4895 4951 2
4951 5006 2
5006 5065 3
5065 5093 2
5093 5151 2
5151 5175 4
5175 5150 1
5150 5121 2
5121 5064 4
5064 5036 1
5036 5005 2
5005 4949 3
4949 4950 4
4950 4894 2
4894 4866 2
4866 4839 2
4839 4814 2
4814 4757 2
4757 4703 3
4703 4649 2
4649 4615 2
4615 4586 1
4586 4530 2
4530 4505 2
4505 4504 3
4504 4558 2
4558 4585 2
4585 4648 2
4648 4647 2
4647 4646 2
4646 4701 2
4701 4756 2
4756 4813 2
4813 4891 3
4891 4890 3
4890 4946 2
4946 4976 2
4976 5002 1
5002 5061 2
5061 5091 2
5091 5032 2
5032 5001 2
5001 4945 2
4945 4865 3
4865 4812 2
4812 4786 2
4786 4727 2
4727 4700 1
4700 4645 2
4645 4584 2
4584 4557 2
4557 4614 2
4614 4644 2
4644 4699 2
4699 4755 2
4755 4754 2
4754 4698 2
4698 4643 2
4643 4583 2
4583 4529 2
4529 4503 2
4503 4450 2
4450 4395 2
4395 4371 2
4371 4339 2
4339 4394 2
4394 4426 2
4426 4477 2
4477 4449 2
4449 4448 2
4448 4425 1
4425 4370 2
4370 4337 1
4337 4338 2
4338 4286 2
4286 4259 1
4259 4204 2
4204 4147 2
4147 4073 3
4073 3998 3
3998 3900 4
3900 3929 4
3929 4022 4
4022 4123 4
4123 4205 3
4205 4230 1
4230 4287 2
4287 4314 2
4314 4260 2
4260 4315 2
4315 4340 1
4340 4396 2
4396 4427 1
4427 4478 2
4478 4451 3
4451 4397 2
4397 4341 2
4341 4288 2
4288 4231 2
4231 4261 2
4261 4207 2
4207 4206 2
4206 4149 2
4149 4148 2
4148 4074 3
4074 4075 4
4075 4124 2
4124 4180 2
4180 4181 2
4181 4125 2
4125 4150 2
4150 4126 1
4126 4076 2
4076 4048 1
4048 4077 4
4077 4127 2
4127 4128 2
4128 4182 2
4182 4233 2
4233 4290 2
4290 4234 3
4234 4291 3
4291 4344 3
4344 4399 3
4399 4430 3
4430 4345 3
4345 4317 1
4317 4235 3
4235 4210 1
4210 4153 2
4153 4152 2
4152 4151 2
4151 4101 2
4101 4078 2
4078 4023 2
4023 3950 3
3950 3901 3
3901 3831 3
3831 3809 1
3809 3761 2
3761 3735 2
3735 3713 1
3713 3712 2
3712 3671 2
3671 3648 2
3648 3696 2
3696 3670 1
3670 3629 2
3629 3604 2
3604 3584 1
3584 3536 2
3536 3488 2
3488 3463 2
3463 3513 2
3513 3562 2
3562 3605 2
3605 3585 3
3585 3630 2
3630 3672 2
3672 3714 2
3714 3762 3
3762 3782 1
3782 3832 2
3832 3855 2
3855 3880 1
3880 3881 2
3881 3833 2
3833 3810 2
3810 3763 2
3763 3736 2
3736 3783 2
3783 3834 2
3834 3835 2
3835 3882 2
3882 3902 2
3902 3883 1
3883 3836 2
3836 3811 1
3811 3784 2
3784 3737 3
3737 3715 2
3715 3649 3
3649 3674 3
3674 3673 3
3673 3607 3
3607 3606 3
3606 3537 4
3537 3515 3
3515 3514 3
3514 3464 3
3464 3437 3
3437 3384 2
3384 3383 3
3383 3323 2
3323 3292 2
3292 3324 2
3324 3385 2
3385 3438 2
3438 3465 2
3465 3386 3
3386 3325 2
3325 3263 2
3263 3202 2
3202 3132 2
3132 3102 2
3102 3101 2
3101 3165 2
3165 3227 2
3227 3201 1
3201 3164 2
3164 3100 2
3100 3073 2
3073 3131 2
3131 3200 2
3200 3226 2
3226 3291 3
3291 3262 2
3262 3199 2
3199 3163 2
3163 3099 2
3099 3039 2
3039 2976 2
2976 2947 1
2947 2911 2
2911 2975 2
2975 3007 2
3007 3072 2
3072 3130 2
3130 3098 2
3098 3162 2
3162 3161 2
3161 3129 1
3129 3071 2
3071 3037 1
3037 3038 2
3038 2974 2
2974 2946 1
2946 2945 3
2945 2879 2
2879 2813 2
2813 2723 3
2723 2749 3
2749 2785 1
2785 2847 2
2847 2880 2
2880 2814 2
2814 2750 2
2750 2691 2
2691 2668 3
2668 2608 2
2608 2635 3
2635 2607 3
2607 2561 3
2561 2534 2
2534 2453 4
2453 2407 4
2407 2368 3
2368 2306 3
2306 2348 4
2348 2347 3
2347 2265 4
2265 2241 2
2241 2175 3
2175 2200 3
2200 2134 3
2134 2157 2
2157 2088 3
2088 2113 2
2113 2041 3
2041 2023 1
2023 1969 2
1969 1918 2
1918 1862 2
1862 1917 2
1917 1968 2
1968 2022 2
2022 2065 2
2065 2112 2
2112 2133 3
2133 2087 2
2087 2040 2
2040 1993 2
1993 1992 2
1992 1991 2
1991 2039 2
2039 2021 2
2021 1967 2
1967 1966 2
1966 1915 2
1915 1965 2
1965 2019 2
2019 2038 1
2038 2084 2
2084 2062 2
2062 2018 2
2018 1990 2
1990 1989 2
1989 2037 2
2037 2061 1
2061 2036 2
2036 1988 2
1988 1987 2
1987 1936 2
1936 1884 2
1884 1885 2
1885 1937 2
1937 1938 2
1938 1939 2
1939 1964 2
1964 1914 2
1914 1887 1
1887 1886 2
1886 1858 1
1858 1798 2
1798 1743 2
1743 1679 2
1679 1617 2
1617 1678 2
1678 1742 2
1742 1772 1
1772 1831 2
1831 1830 2
1830 1797 1
1797 1740 2
1740 1741 2
1741 1677 2
1677 1644 2
1644 1584 2
1584 1583 2
1583 1546 2
1546 1480 2
1480 1448 2
1448 1516 2
1516 1545 2
1545 1616 2
1616 1643 1
1643 1706 2
1706 1739 2
1739 1796 3
1796 1795 2
1795 1856 2
1856 1857 2
1857 1883 1
1883 1913 2
1913 1963 2
1963 2017 2
2017 2016 2
2016 2060 3
2060 2082 1
2082 2128 2
2128 2083 2
2083 2108 2
2108 2153 2
2153 2193 2
2193 2236 2
2236 2237 2
2237 2194 2
2194 2171 1
2171 2154 2
2154 2109 2
2109 2110 2
2110 2129 1
2129 2155 2
2155 2172 1
2172 2195 2
2195 2217 1
2217 2238 2
2238 2260 1
2260 2300 2
2300 2299 2
2299 2278 1
2278 2323 2
2323 2364 2
2364 2342 2
2342 2384 2
2384 2428 2
2428 2427 2
2427 2404 2
2404 2363 2
2363 2362 2
2362 2322 2
2322 2298 2
2298 2277 1
2277 2259 2
2259 2235 1
2235 2192 2
2192 2170 2
2170 2216 2
2216 2258 2
2258 2297 2
2297 2341 2
2341 2383 2
2383 2426 2
2426 2447 2
2447 2403 2
2403 2448 2
2448 2471 1
2471 2472 2
2472 2512 2
2512 2556 2
2556 2603 2
2603 2662 2
2662 2716 2
2716 2743 2
2743 2686 2
2686 2629 2
2629 2663 2
2663 2604 2
2604 2573 2
2573 2528 2
2528 2513 1
2513 2473 2
2473 2474 2
2474 2429 2
2429 2430 2
2430 2386 2
2386 2385 2
2385 2343 2
2343 2344 2
2344 2301 2
2301 2279 1
2279 2239 2
2239 2261 2
2261 2302 2
2302 2345 2
2345 2365 1
2365 2387 1
2387 2431 2
2431 2449 2
2449 2491 2
2491 2531 2
2531 2575 3
2575 2631 3
2631 2632 4
2632 2532 4
2532 2492 3
2492 2450 3
2450 2389 3
2389 2388 3
2388 2324 4
2324 2263 3
2263 2303 3
2303 2262 2
2262 2218 2
2218 2197 1
2197 2196 2
2196 2156 2
2156 2130 1
2130 2111 2
2111 2063 2
2063 2020 2
2020 2064 2
2064 2085 1
2085 2086 2
2086 2131 2
2131 2132 2
2132 2173 2
2173 2198 2
2198 2199 3
2199 2174 2
2174 2219 3
2219 2240 3
2240 2280 3
2280 2325 2
2325 2346 3
2346 2406 3
2406 2452 4
2452 2433 3
2433 2477 3
2477 2493 3
2493 2577 4
2577 2634 4
2634 2690 3
2690 2722 3
2722 2812 3
2812 2784 3
2784 2878 3
2878 2943 2
2943 2944 3
2944 3035 3
3035 3036 3
3036 3097 2
3097 3128 2
3128 3160 1
3160 3197 1
3197 3223 2
3223 3260 2
3260 3288 1
3288 3348 2
3348 3381 2
3381 3435 2
3435 3461 2
3461 3404 2
3404 3382 1
3382 3322 2
3322 3321 2
3321 3289 1
3289 3224 2
3224 3261 2
3261 3198 2
3198 3225 1
3225 3290 2
3290 3349 2
3349 3350 3
3350 3406 2
3406 3436 1
3436 3405 2
3405 3462 2
3462 3512 2
3512 3535 1
3535 3561 1
3561 3603 2
3603 3583 3
3583 3511 3
3511 3534 3
3534 3460 4
3460 3347 4
3347 3320 1
3320 3259 2
3259 3222 1
3222 3196 1
3196 3127 2
3127 3070 2
3070 3034 3
3034 3096 2
3096 3125 2
3125 3192 2
3192 3255 2
3255 3317 2
3317 3346 2
3346 3318 1
3318 3257 2
3257 3256 2
3256 3193 2
3193 3194 2
3194 3126 2
3126 3195 2
3195 3258 2
3258 3287 1
3287 3319 1
3319 3380 2
3380 3459 3
3459 3458 3
3458 3510 2
3510 3509 2
3509 3457 2
3457 3403 2
3403 3379 2
3379 3316 2
3316 3254 2
3254 3315 2
3315 3378 2
3378 3433 2
3433 3434 2
3434 3487 2
3487 3508 1
3508 3558 2
3558 3581 2
3581 3559 1
3559 3582 3
3582 3560 3
3560 3628 4
3628 3647 2
3647 3669 3
3669 3695 1
3695 3734 3
3734 3781 4
3781 3830 2
3830 3879 2
3879 3977 4
3977 3976 4
3976 3949 2
3949 3878 3
3878 3808 3
3808 3807 3
3807 3780 3
3780 3829 4
3829 3760 3
3760 3694 4
3694 3693 3
3693 3627 3
3627 3626 2
3626 3668 2
3668 3711 2
3711 3759 2
3759 3779 1
3779 3806 2
3806 3854 2
3854 3877 1
3877 3828 4
3828 3928 4
3928 3997 3
3997 4100 4
4100 4179 3
4179 4229 2
4229 4285 2
4285 4336 2
4336 4393 2
4393 4335 3
4335 4284 2
4284 4258 1
4258 4178 3
4178 4099 3
4099 4021 4
4021 3948 3
3948 3927 3
3927 3899 2
3899 3853 2
3853 3778 3
3778 3710 3
3710 3667 2
3667 3602 3
3602 3557 2
3557 3533 2
3533 3507 2
3507 3486 1
3486 3402 3
3402 3345 2
3345 3286 2
3286 3220 2
3220 3221 2
3221 3191 2
3191 3124 2
3124 3069 2
3069 3006 2
3006 2973 2
2973 2910 3
2910 2846 3
2846 2783 2
2783 2689 3
2689 2667 3
2667 2666 3
2666 2560 4
2560 2559 4
2559 2514 3
2514 2476 4
2476 2405 3
2405 2367 4
2367 2305 4
2305 2264 4
2264 2304 2
2304 2366 3
2366 2432 3
2432 2451 3
2451 2533 4
2533 2576 3
2576 2633 4
2633 2688 3
2688 2748 2
2748 2811 2
2811 2781 2
2781 2782 3
2782 2845 2
2845 2909 2
2909 2972 2
2972 3033 2
3033 3095 2
3095 3159 2
3159 3158 2
3158 3094 2
3094 3032 2
3032 2971 2
2971 2908 2
2908 2877 2
2877 2942 2
2942 2970 1
2970 3031 2
3031 3093 2
3093 3156 2
3156 3157 2
3157 3219 2
3219 3285 2
3285 3344 2
3344 3343 2
3343 3401 2
3401 3432 2
3432 3485 2
3485 3532 2
3532 3580 2
3580 3625 2
3625 3666 2
3666 3733 3
3733 3692 4
3692 3624 3
3624 3579 2
3579 3556 2
3556 3555 2
3555 3531 2
3531 3578 2
3578 3601 2
3601 3623 2
3623 3665 2
3665 3732 3
3732 3758 3
3758 3805 2
3805 3827 3
3827 3898 3
3898 3876 3
3876 3875 3
3875 3804 3
3804 3777 3
3777 3691 4
3691 3646 2
3646 3622 2
3622 3577 2
3577 3530 2
3530 3482 3
3482 3454 1
3454 3398 2
3398 3399 2
3399 3341 2
3341 3376 2
3376 3430 2
3430 3483 2
3483 3455 2
3455 3400 2
3400 3431 2
3431 3484 2
3484 3506 2
3506 3456 2
3456 3377 3
3377 3342 2
3342 3313 1
3313 3282 2
3282 3253 1
3253 3190 2
3190 3152 1
3152 3090 2
3090 3068 3
3068 3091 1
3091 3153 2
3153 3154 2
3154 3217 2
3217 3283 2
3283 3314 2
3314 3284 1
3284 3218 2
3218 3155 2
3155 3092 2
3092 3030 2
3030 2969 2
2969 2907 2
2907 2844 2
2844 2780 3
2780 2810 2
2810 2721 3
2721 2747 4
2747 2809 3
2809 2875 2
2875 2876 3
2876 2906 1
2906 2968 2
2968 3005 2
3005 2941 2
2941 3004 2
3004 2967 2
2967 2940 1
2940 2874 2
2874 2843 2
2843 2746 4
2746 2720 4
2720 2665 3
2665 2606 2
2606 2558 2
2558 2530 2
2530 2490 2
2490 2475 2
2475 2489 1
2489 2529 2
2529 2557 1
2557 2574 2
2574 2605 1
2605 2664 2
2664 2630 2
2630 2687 2
2687 2745 2
2745 2778 2
2778 2718 2
2718 2719 2
2719 2779 2
2779 2842 2
2842 2873 3
2873 2905 1
2905 2939 2
2939 3003 2
3003 3067 2
3067 3123 2
3123 3151 1
3151 3216 2
3216 3189 2
3189 3150 1
3150 3122 1
3122 3029 3
3029 3002 1
3002 2966 2
2966 3028 3
3028 3066 2
3066 3121 2
3121 3187 2
3187 3252 2
3252 3188 2
3188 3215 1
3215 3281 3
3281 3340 3
3340 3375 2
3375 3339 3
3339 3374 2
3374 3312 2
3312 3251 2
3251 3186 2
3186 3149 1
3149 3089 2
3089 3027 2
3027 2964 2
2964 2938 1
2938 2965 2
2965 2904 2
2904 2841 2
2841 2872 2
2872 2808 2
2808 2871 2
2871 2840 2
2840 2807 1
2807 2744 2
2744 2717 2
2717 2777 2
2777 2839 2
2839 2838 2
2838 2806 1
2806 2776 2
2776 2742 1
2742 2741 2
2741 2685 2
2685 2661 2
2661 2628 1
2628 2602 1
2602 2554 2
2554 2555 2
2555 2511 2
2511 2488 3
2488 2527 2
2527 2572 2
2572 2601 1
2601 2627 2
2627 2660 1
2660 2715 2
2715 2775 2
2775 2804 1
2804 2837 1
2837 2899 2
2899 2959 2
2959 2999 2
2999 3022 1
3022 3087 2
3087 3086 2
3086 3119 1
3119 3144 1
3144 3183 2
3183 3247 2
3247 3308 2
3308 3335 1
3335 3336 2
3336 3277 2
3277 3212 2
3212 3145 2
3145 3120 1
3120 3063 2
3063 3023 2
3023 2960 2
2960 2936 1
2936 2935 2
2935 2869 2
2869 2805 2
2805 2870 2
2870 2900 1
2900 2901 2
2901 2902 2
2902 2903 2
2903 2937 2
2937 2963 2
2963 2962 2
2962 2961 2
2961 3000 1
3000 3024 1
3024 3064 2
3064 3025 1
3025 3065 2
3065 3001 2
3001 3026 1
3026 3088 2
3088 3148 2
3148 3214 2
3214 3185 1
3185 3147 2
3147 3184 1
3184 3146 2
3146 3213 2
3213 3278 2
3278 3309 1
3309 3370 2
3370 3425 2
3425 3395 2
3395 3394 2
3394 3448 2
3448 3477 1
3477 3525 2
3525 3549 2
3549 3548 2
3548 3572 1
3572 3596 2
3596 3642 2
3642 3616 2
3616 3573 2
3573 3597 2
3597 3617 1
3617 3660 2
3660 3661 2
3661 3707 2
3707 3750 2
3750 3751 2
3751 3798 2
3798 3797 2
3797 3846 2
3846 3824 2
3824 3796 1
3796 3749 2
3749 3706 2
3706 3659 2
3659 3705 2
3705 3748 2
3748 3795 2
3795 3845 2
3845 3894 2
3894 3916 2
3916 3868 2
3868 3895 2
3895 3917 1
3917 3943 2
3943 3896 2
3896 3847 2
3847 3869 2
3869 3918 2
3918 3968 2
3968 3990 2
3990 3969 1
3969 3919 2
3919 3870 2
3870 3825 2
3825 3799 1
3799 3752 2
3752 3708 2
3708 3685 1
3685 3643 2
3643 3618 2
3618 3598 2
3598 3574 1
3574 3550 2
3550 3526 1
3526 3478 2
3478 3449 2
3449 3396 2
3396 3371 1
3371 3310 2
3310 3248 2
3248 3249 2
3249 3279 1
3279 3337 2
3337 3338 2
3338 3280 2
3280 3250 2
3250 3311 2
3311 3373 2
3373 3372 2
3372 3427 2
3427 3428 2
3428 3480 2
3480 3553 3
3553 3552 3
3552 3528 1
3528 3479 2
3479 3451 2
3451 3426 1
3426 3397 2
3397 3450 2
3450 3503 2
3503 3502 3
3502 3527 1
3527 3551 1
3551 3575 2
3575 3619 2
3619 3662 2
3662 3709 2
3709 3728 2
3728 3753 2
3753 3775 1
3775 3800 2
3800 3754 2
3754 3686 3
3686 3663 1
3663 3599 3
3599 3620 2
3620 3644 2
3644 3687 2
3687 3729 2
3729 3755 2
3755 3730 2
3730 3688 2
3688 3689 2
3689 3645 2
3645 3600 2
3600 3554 2
3554 3504 2
3504 3481 1
3481 3429 2
3429 3452 2
3452 3453 2
3453 3505 2
3505 3529 2
3529 3576 2
3576 3621 2
3621 3664 2
3664 3690 2
3690 3757 3
3757 3756 3
3756 3731 3
3731 3776 2
3776 3826 2
3826 3873 2
3873 3850 2
3850 3803 2
3803 3802 2
3802 3801 3
3801 3871 3
3871 3849 1
3849 3848 2
3848 3897 2
3897 3944 2
3944 3991 2
3991 3970 2
3970 3920 2
3920 3921 2
3921 3872 3
3872 3922 3
3922 3923 3
3923 3924 2
3924 3925 3
3925 3851 3
3851 3852 3
3852 3874 3
3874 3926 2
3926 3945 3
3945 3974 1
3974 3975 3
3975 4018 2
4018 4071 2
4071 4121 2
4121 4175 2
4175 4203 2
4203 4255 2
4255 4283 2
4283 4228 2
4228 4176 2
4176 4146 1
4146 4122 2
4122 4072 2
4072 4019 2
4019 3995 1
3995 3946 2
3946 3947 2
3947 3996 2
3996 4020 1
4020 4047 2
4047 4097 2
4097 4098 3
4098 4177 3
4177 4256 3
4256 4312 2
4312 4257 4
4257 4313 2
4313 4369 2
4369 4424 2
4424 4392 2
4392 4447 2
4447 4476 2
4476 4502 1
4502 4527 2
4527 4528 3
4528 4582 2
4582 4642 2
4642 4696 2
4696 4697 2
4697 4753 2
4753 4785 1
4785 4836 2
4836 4889 2
4889 4975 3
4975 4944 2
4944 4888 3
4888 4835 2
4835 4811 1
4811 4752 2
4752 4726 2
4726 4669 2
4669 4613 2
4613 4581 3
4581 4668 3
4668 4725 2
4725 4695 2
4695 4641 2
4641 4580 3
4580 4556 3
4556 4501 3
4501 4500 3
4500 4475 1
4475 4423 2
4423 4368 2
4368 4334 2
4334 4391 3
4391 4422 2
4422 4474 2
4474 4526 2
4526 4555 1
4555 4579 2
4579 4667 3
4667 4723 2
4723 4781 2
4781 4724 3
4724 4782 2
4782 4832 2
4832 4884 2
4884 4864 3
4864 4918 2
4918 4998 3
4998 5058 2
5058 5146 3
5146 5169 2
5169 5262 3
5262 5322 2
5322 5383 2
5383 5445 2
5445 5505 2
5505 5446 3
5446 5506 2
5506 5572 2
5572 5635 2
5635 5693 2
5693 5725 1
5725 5757 3
5757 5663 3
5663 5636 1
5636 5573 2
5573 5507 2
5507 5537 3
5537 5475 2
5475 5447 1
5447 5414 3
5414 5384 1
5384 5351 2
5351 5350 3
5350 5263 3
5263 5205 2
5205 5116 3
5116 5059 3
5059 4999 2
4999 4941 2
4941 4885 2
4885 4886 2
4886 4833 2
4833 4810 2
4810 4751 2
4751 4783 2
4783 4784 2
4784 4834 2
4834 4887 2
4887 4942 2
4942 4943 2
4943 5000 2
5000 5029 2
5029 4974 2
4974 5030 2
5030 5089 2
5089 5170 3
5170 5264 3
5264 5287 2
5287 5206 3
5206 5147 2
5147 5090 2
5090 5031 2
5031 5060 2
5060 5148 3
5148 5207 2
5207 5265 2
5265 5288 2
5288 5323 2
5323 5385 2
5385 5352 2
5352 5386 2
5386 5415 1
5415 5476 2
5476 5538 2
5538 5599 2
5599 5664 2
5664 5758 3
5758 5821 2
5821 5913 3
5913 6018 3
6018 6050 2
6050 6085 3
6085 6119 2
6119 5979 4
5979 5950 2
5950 5849 3
5849 5759 3
5759 5694 2
5694 5600 3
5600 5539 2
5539 5477 2
5477 5508 2
5508 5574 2
5574 5601 2
5601 5665 4
5665 5695 3
5695 5785 3
5785 5784 3
5784 5885 3
5885 5951 2
5951 6019 2
6019 6120 3
6120 6193 2
6193 6262 2
6262 6228 2
6228 6192 2
6192 6261 2
6261 6339 2
6339 6380 2
6380 6307 2
6307 6381 2
6381 6418 2
6418 6340 2
6340 6263 2
6263 6194 2
6194 6121 2
6121 6051 2
6051 5980 2
5980 5914 2
5914 5822 3
5822 5786 2
5786 5726 3
5726 5666 2
5666 5575 3
5575 5540 2
5540 5478 2
5478 5448 1
5448 5416 2
5416 5387 1
5387 5325 2
5325 5290 2
5290 5228 2
5228 5171 3
5171 5208 2
5208 5266 2
5266 5324 2
5324 5289 2
5289 5227 2
5227 5149 3
5149 5117 2
5117 5033 3
5033 4977 2
4977 5034 2
5034 5092 2
5092 5118 2
5118 5172 2
5172 5229 2
5229 5291 2
5291 5353 3
5353 5388 2
5388 5354 2
5354 5417 2
5417 5479 2
5479 5480 3
5480 5541 2
5541 5602 2
5602 5667 2
5667 5727 2
5727 5823 3
5823 5886 4
5886 5952 2
5952 6020 2
6020 6086 2
6086 6122 2
6122 6158 2
6158 6230 2
6230 6231 2
6231 6310 2
6310 6311 2
6311 6384 2
6384 6385 2
6385 6457 2
6457 6494 1
6494 6421 2
6421 6342 2
6342 6343 2
6343 6265 2
6265 6233 1
6233 6195 2
6195 6264 2
6264 6312 2
6312 6232 2
6232 6159 2
6159 6087 2
6087 6021 2
6021 5981 2
5981 5887 3
5887 5850 2
5850 5915 2
5915 5916 3
5916 5982 2
5982 6052 2
6052 6123 2
6123 6124 3
6124 6053 2
6053 6088 2
6088 6160 2
6160 6161 2
6161 6234 2
6234 6266 1
6266 6267 2
6267 6314 1
6314 6387 2
6387 6388 2
6388 6424 1
6424 6498 2
6498 6532 2
6532 6460 2
6460 6425 2
6425 6389 1
6389 6345 1
6345 6315 2
6315 6235 2
6235 6163 2
6163 6236 2
6236 6268 1
6268 6316 2
6316 6346 1
6346 6390 2
6390 6317 2
6317 6269 2
6269 6237 1
6237 6197 2
6197 6126 2
6126 6091 1
6091 6054 2
6054 5985 2
5985 5984 2
5984 6023 2
6023 6090 2
6090 6125 1
6125 6196 2
6196 6162 1
6162 6089 2
6089 6022 2
6022 5983 2
5983 5917 2
5917 5918 3
5918 5919 2
5919 5826 3
5826 5787 2
5787 5825 2
5825 5824 3
5824 5729 3
5729 5696 4
5696 5604 3
5604 5638 2
5638 5577 2
5577 5509 2
5509 5418 3
5418 5391 2
5391 5482 3
5482 5603 4
5603 5668 2
5668 5760 3
5760 5728 3
5728 5637 3
5637 5576 2
5576 5542 2
5542 5449 3
5449 5481 2
5481 5390 3
5390 5356 2
5356 5389 2
5389 5355 2
5355 5292 3
5292 5230 2
5230 5173 2
5173 5119 2
5119 5062 2
5062 5003 2
5003 5035 2
5035 4978 2
4978 4920 2
4920 4919 2
4919 4837 3
4837 4787 2
4787 4702 3
4702 4670 2
4670 4728 2
4728 4788 2
4788 4838 2
4838 4921 3
4921 4947 1
4947 4892 3
4892 4893 2
4893 4948 2
4948 5004 2
5004 5063 2
5063 5120 2
5120 5174 2
5174 5231 2
5231 5293 2
5293 5232 3
5232 5267 2
5267 5294 1
5294 5295 3
5295 5233 2
5233 5234 3
5234 5152 3
5152 5176 2
5176 5235 2
5235 5296 3
5296 5326 2
5326 5392 3
5392 5483 3
5483 5510 3
5510 5543 1
5543 5639 3
5639 5730 3
5730 5731 3
5731 5788 2
5788 5827 2
5827 5888 2
5888 5920 2
5920 5953 2
5953 6024 2
6024 6055 1
6055 6127 2
6127 6056 2
6056 5986 2
5986 5987 2
5987 6025 1
6025 6057 1
6057 6128 2
6128 6092 1
6092 6164 2
6164 6198 1
6198 6238 2
6238 6270 2
6270 6239 1
6239 6165 2
6165 6093 2
6093 6094 2
6094 6166 2
6166 6167 2
6167 6168 2
6168 6129 1
6129 6095 2
6095 6027 2
6027 6026 2
6026 5988 1
5988 5954 1
5954 5922 2
5922 5921 2
5921 5889 2
5889 5851 2
5851 5789 3
5789 5732 2
5732 5697 1
5697 5641 2
5641 5640 3
5640 5544 3
5544 5545 3
5545 5450 3
5450 5420 3
5420 5419 3
5419 5327 3
5327 5328 3
5328 5357 2
5357 5358 3
5358 5421 2
5421 5484 2
5484 5546 3
5546 5578 2
5578 5642 3
5642 5698 2
5698 5761 2
5761 5828 2
5828 5852 1
5852 5853 2
5853 5790 2
5790 5762 1
5762 5699 2
5699 5643 2
5643 5579 2
5579 5511 2
5511 5422 3
5422 5451 2
5451 5393 2
5393 5329 2
5329 5269 2
5269 5297 3
5297 5298 3
5298 5359 2
5359 5394 2
5394 5452 2
5452 5512 2
5512 5580 2
5580 5644 2
5644 5700 2
5700 5763 2
5763 5829 2
5829 5890 2
5890 5923 1
5923 5955 2
5955 5956 2
5956 5891 2
5891 5854 1
5854 5791 2
5791 5733 2
5733 5701 1
5701 5645 2
5645 5605 2
5605 5669 2
5669 5670 2
5670 5734 2
5734 5764 1
5764 5830 2
5830 5892 2
5892 5855 2
5855 5924 2
5924 5989 2
5989 6028 2
6028 6058 2
6058 6096 2
6096 6029 2
6029 5957 2
5957 5925 1
5925 5856 2
5856 5792 2
5792 5735 2
5735 5671 2
5671 5702 2
5702 5736 2
5736 5766 2
5766 5767 2
5767 5795 1
5795 5858 2
5858 5927 2
5927 5894 1
5894 5832 2
5832 5831 2
5831 5794 1
5794 5765 2
5765 5793 1
5793 5857 2
5857 5893 2
5893 5926 1
5926 5990 2
5990 6030 2
6030 6059 1
6059 6130 2
6130 6201 2
6201 6273 2
6273 6200 2
6200 6169 2
6169 6199 1
6199 6272 2
6272 6319 1
6319 6350 1
6350 6393 2
6393 6429 2
6429 6503 2
6503 6463 2
6463 6428 2
6428 6349 2
6349 6271 2
6271 6241 1
6241 6240 2
6240 6318 2
6318 6348 1
6348 6427 2
6427 6392 1
6392 6347 2
6347 6391 1
6391 6462 2
6462 6500 1
6500 6535 1
6535 6607 2
6607 6608 2
6608 6645 1
6645 6721 2
6721 6683 2
6683 6684 2
6684 6646 1
6646 6609 2
6609 6572 2
6572 6501 2
6501 6502 2
6502 6536 1
6536 6537 2
6537 6573 1
6573 6647 2
6647 6722 2
6722 6757 2
6757 6793 2
6793 6723 2
6723 6685 2
6685 6610 2
6610 6538 2
6538 6504 1
6504 6430 2
6430 6431 2
6431 6464 1
6464 6505 1
6505 6539 2
6539 6613 2
6613 6688 2
6688 6649 1
6649 6724 2
6724 6650 2
6650 6575 2
6575 6540 1
6540 6506 2
6506 6465 1
6465 6394 2
6394 6395 2
6395 6432 1
6432 6353 2
6353 6277 2
6277 6242 1
6242 6204 2
6204 6170 2
6170 6203 1
6203 6276 2
6276 6320 1
6320 6275 2
6275 6352 2
6352 6351 2
6351 6274 2
6274 6202 2
6202 6131 2
6131 6097 1
6097 6060 2
6060 6031 1
6031 5958 2
5958 5991 1
5991 6032 2
6032 6098 2
6098 6099 2
6099 6132 1
6132 6171 1
6171 6172 2
6172 6243 2
6243 6322 2
6322 6397 2
6397 6321 2
6321 6396 2
6396 6466 2
6466 6467 2
6467 6507 1
6507 6576 2
6576 6614 1
6614 6689 2
6689 6725 1
6725 6760 2
6760 6690 2
6690 6726 2
6726 6761 2
6761 6727 2
6727 6691 1
6691 6652 2
6652 6617 1
6617 6543 2
6543 6578 2
6578 6653 2
6653 6692 1
6692 6762 2
6762 6837 2
6837 6836 2
6836 6835 2
6835 6798 2
6798 6870 2
6870 6869 2
6869 6834 1
6834 6797 2
6797 6868 2
6868 6796 2
6796 6795 2
6795 6867 2
6867 6833 1
6833 6832 2
6832 6759 2
6759 6687 2
6687 6612 2
6612 6574 2
6574 6611 2
6611 6648 1
6648 6686 2
6686 6758 2
6758 6794 1
6794 6866 2
6866 6865 2
6865 6831 2
6831 6792 2
6792 6864 2
6864 6830 2
6830 6791 1
6791 6756 2
6756 6829 2
6829 6790 2
6790 6863 2
6863 6828 1
6828 6755 2
6755 6720 2
6720 6682 1
6682 6681 2
6681 6644 1
6644 6571 2
6571 6534 1
6534 6461 2
6461 6426 2
6426 6499 2
6499 6533 1
6533 6606 2
6606 6643 1
6643 6719 2
6719 6754 1
6754 6789 1
6789 6827 2
6827 6862 2
6862 6861 2
6861 6788 2
6788 6860 2
6860 6826 2
6826 6753 2
6753 6718 2
6718 6680 1
6680 6605 2
6605 6570 2
6570 6497 2
6497 6459 1
6459 6531 2
6531 6604 2
6604 6642 2
6642 6679 2
6679 6717 2
6717 6787 2
6787 6859 2
6859 6786 3
6786 6678 3
6678 6603 2
6603 6602 2
6602 6530 2
6530 6496 1
6496 6423 2
6423 6344 2
6344 6313 2
6313 6386 2
6386 6422 1
6422 6458 2
6458 6495 1
6495 6569 2
6569 6568 2
6568 6640 2
6640 6641 2
6641 6677 1
6677 6752 2
6752 6825 2
6825 6824 4
6824 6716 3
6716 6715 2
6715 6676 1
6676 6601 2
6601 6529 2
6529 6456 2
6456 6455 2
6455 6420 2
6420 6383 1
6383 6341 2
6341 6309 1
6309 6229 2
6229 6308 2
6308 6382 2
6382 6419 1
6419 6454 2
6454 6527 2
6527 6528 2
6528 6599 2
6599 6600 2
6600 6675 2
6675 6751 2
6751 6823 2
6823 6858 3
6858 6822 2
6822 6785 2
6785 6750 1
6750 6674 2
6674 6598 2
6598 6597 2
6597 6526 2
6526 6493 2
6493 6567 4
6567 6639 2
6639 6713 2
6713 6714 3
6714 6749 1
6749 6784 1
6784 6857 2
6857 6856 2
6856 6783 2
6783 6748 1
6748 6712 2
6712 6821 3
6821 6855 3
6855 6854 2
6854 6781 2
6781 6782 2
6782 6711 2
6711 6710 2
6710 6673 2
6673 6637 2
6637 6595 1
6595 6524 2
6524 6490 2
6490 6453 1
6453 6379 2
6379 6306 2
6306 6305 2
6305 6378 2
6378 6452 2
6452 6489 1
6489 6451 2
6451 6377 2
6377 6304 2
6304 6376 2
6376 6336 2
6336 6414 2
6414 6450 2
6450 6523 2
6523 6562 1
6562 6522 2
6522 6488 2
6488 6561 2
6561 6633 2
6633 6706 2
6706 6634 2
6634 6671 2
6671 6635 1
6635 6636 2
6636 6563 2
6563 6594 2
6594 6672 2
6672 6708 1
6708 6709 2
6709 6747 2
6747 6780 1
6780 6853 2
6853 6820 1
6820 6779 2
6779 6852 2
6852 6778 2
6778 6819 3
6819 6777 1
6777 6707 2
6707 6746 2
6746 6818 2
6818 6776 2
6776 6775 2
6775 6851 2
6851 6850 3
6850 6817 2
6817 6745 2
6745 6705 2
6705 6632 2
6632 6560 2
6560 6593 2
6593 6670 2
6670 6744 2
6744 6816 2
6816 6815 3
6815 6774 2
6774 6849 2
6849 6848 3
6848 6773 2
6773 6742 2
6742 6668 2
6668 6591 2
6591 6629 1
6629 6703 2
6703 6630 2
6630 6558 2
6558 6520 2
6520 6447 2
6447 6373 2
6373 6372 2
6372 6299 2
6299 6223 2
6223 6224 2
6224 6154 2
6154 6079 2
6079 6153 2
6153 6112 2
6112 6045 2
6045 6012 1
6012 6011 2
6011 5944 2
5944 5881 2
5881 5880 2
5880 5815 2
5815 5753 2
5753 5689 2
5689 5629 2
5629 5596 2
5596 5535 2
5535 5499 1
5499 5498 2
5498 5439 2
5439 5379 2
5379 5411 1
5411 5346 2
5346 5318 2
5318 5258 2
5258 5223 2
5223 5202 1
5202 5201 2
5201 5142 2
5142 5085 2
5085 5056 2
5056 4995 2
4995 4971 1
4971 4937 2
4937 4881 2
4881 4882 2
4882 4828 2
4828 4829 2
4829 4883 2
4883 4915 1
4915 4938 2
4938 4939 2
4939 4916 3
4916 4972 2
4972 5027 2
5027 4997 2
4997 5057 2
5057 5115 2
5115 5168 2
5168 5226 2
5226 5260 2
5260 5225 2
5225 5167 2
5167 5114 2
5114 5113 2
5113 5087 2
5087 5026 2
5026 4996 2
4996 5025 1
5025 5086 2
5086 5143 2
5143 5144 2
5144 5166 1
5166 5203 2
5203 5259 2
5259 5224 2
5224 5285 2
5285 5319 2
5319 5380 2
5380 5440 2
5440 5500 2
5500 5566 2
5566 5630 2
5630 5659 1
5659 5720 2
5720 5780 2
5780 5816 2
5816 5882 2
5882 5945 2
5945 5973 1
5973 6013 2
6013 5946 2
5946 6014 2
6014 6080 2
6080 6155 2
6155 6225 2
6225 6183 2
6183 6113 2
6113 6081 1
6081 6046 1
6046 5974 2
5974 5908 2
5908 5842 2
5842 5781 2
5781 5721 3
5721 5691 1
5691 5755 2
5755 5818 2
5818 5884 2
5884 5883 2
5883 5817 2
5817 5754 2
5754 5690 2
5690 5631 2
5631 5597 2
5597 5568 2
5568 5567 2
5567 5501 2
5501 5441 2
5441 5412 2
5412 5347 2
5347 5286 2
5286 5320 2
5320 5381 2
5381 5442 2
5442 5502 2
5502 5536 2
5536 5569 2
5569 5632 2
5632 5633 2
5633 5692 2
5692 5722 1
5722 5782 2
5782 5819 1
5819 5843 1
5843 5909 2
5909 5975 2
5975 6047 2
6047 6114 2
6114 6184 2
6184 6255 2
6255 6303 2
6303 6334 1
6334 6412 2
6412 6375 2
6375 6333 2
6333 6302 1
6302 6301 2
6301 6300 2
6300 6374 2
6374 6448 2
6448 6411 2
6411 6485 2
6485 6559 2
6559 6631 2
6631 6704 2
6704 6743 2
6743 6669 2
6669 6592 2
6592 6521 2
6521 6449 2
6449 6486 2
6486 6487 3
6487 6413 2
6413 6335 2
6335 6256 2
6256 6226 2
6226 6156 2
6156 6082 2
6082 6015 2
6015 5976 2
5976 5910 2
5910 5844 2
5844 5845 2
5845 5911 2
5911 5947 2
5947 6016 2
6016 6048 1
6048 6115 2
6115 6185 2
6185 6186 2
6186 6257 2
6257 6258 2
6258 6187 2
6187 6116 2
6116 6049 2
6049 5948 3
5948 5949 3
5949 6017 2
6017 5977 2
5977 6083 3
6083 6117 3
6117 6227 3
6227 6188 2
6188 6189 2
6189 6190 2
6190 6259 2
6259 6337 2
6337 6415 2
6415 6491 2
6491 6564 2
6564 6596 2
6596 6638 2
6638 6566 3
6566 6565 2
6565 6525 1
6525 6492 1
6492 6417 2
6417 6416 2
6416 6338 2
6338 6260 2
6260 6191 2
6191 6157 1
6157 6118 2
6118 6084 2
6084 5978 3
5978 5912 2
5912 5848 3
5848 5847 3
5847 5846 3
5846 5820 1
5820 5756 2
5756 5662 3
5662 5598 2
5598 5571 3
5571 5661 3
5661 5724 2
5724 5783 3
5783 5723 2
5723 5660 2
5660 5634 1
5634 5570 2
5570 5503 2
5503 5473 2
5473 5443 1
5443 5382 2
5382 5321 2
5321 5348 2
5348 5413 2
5413 5444 2
5444 5504 2
5504 5474 2
5474 5349 4
5349 5261 3
5261 5204 2
5204 5145 2
5145 5088 2
5088 5028 2
5028 4973 2
4973 4940 2
4940 4917 2
4917 4863 2
4863 4809 2
4809 4750 2
4750 4722 2
4722 4666 3
4666 4640 1
4640 4612 2
4612 4578 1
4578 4525 2
4525 4473 2
4473 4421 2
4421 4367 2
4367 4333 2
4333 4311 2
4311 4254 2
4254 4227 2
4227 4174 2
4174 4145 1
4145 4096 2
4096 4046 2
4046 4017 2
4017 4070 2
4070 4120 2
4120 4069 2
4069 4016 2
4016 3973 2
3973 4045 3
4045 4015 2
4015 3994 2
3994 3993 3
3993 4044 2
4044 4067 1
4067 4068 3
4068 4119 3
4119 4173 3
4173 4202 2
4202 4253 2
4253 4282 2
4282 4332 2
4332 4390 2
4390 4420 2
4420 4472 2
4472 4524 2
4524 4577 2
4577 4639 2
4639 4665 2
4665 4694 2
4694 4721 2
4721 4780 2
4780 4831 2
4831 4862 2
4862 4830 2
4830 4779 2
4779 4778 3
4778 4749 1
4749 4693 2
4693 4611 3
4611 4554 2
4554 4499 2
4499 4471 1
4471 4419 2
4419 4331 3
4331 4366 2
4366 4281 3
4281 4310 3
4310 4365 2
4365 4417 2
4417 4418 2
4418 4446 1
4446 4498 2
4498 4552 2
4552 4551 2
4551 4497 2
4497 4470 2
4470 4445 2
4445 4416 2
4416 4364 2
4364 4329 2
4329 4389 2
4389 4330 2
4330 4279 2
4279 4280 2
4280 4226 3
4226 4172 3
4172 4225 3
4225 4201 1
4201 4200 2
4200 4252 2
4252 4278 1
4278 4309 2
4309 4363 2
4363 4328 2
4328 4308 1
4308 4251 2
4251 4307 2
4307 4276 2
4276 4222 2
4222 4169 2
4169 4116 2
4116 4170 2
4170 4199 2
4199 4223 1
4223 4277 2
4277 4224 2
4224 4171 2
4171 4118 2
4118 4143 2
4143 4144 2
4144 4095 2
4095 4066 2
4066 4043 1
4043 3992 2
3992 3972 2
3972 3971 2
3971 4013 2
4013 4014 2
4014 4042 1
4042 4094 2
4094 4142 2
4142 4117 2
4117 4065 2
4065 4064 2
4064 4041 1
4041 4040 2
4040 4093 2
4093 4115 1
4115 4168 2
4168 4221 2
4221 4198 2
4198 4250 2
4250 4305 2
4305 4360 2
4360 4306 2
4306 4275 2
4275 4327 2
4327 4361 2
4361 4386 1
4386 4414 2
4414 4362 2
4362 4387 1
4387 4388 2
4388 4415 2
4415 4444 1
4444 4469 2
4469 4496 2
4496 4523 2
4523 4550 1
4550 4607 2
4607 4663 2
4663 4719 2
4719 4720 2
4720 4746 2
4746 4747 2
4747 4691 2
4691 4664 2
4664 4608 2
4608 4609 2
4609 4637 2
4637 4610 1
4610 4553 3
4553 4638 3
4638 4692 2
4692 4748 2
4748 4777 1
4777 4827 2
4827 4826 2
4826 4880 2
4880 4914 1
4914 4969 2
4969 4970 2
4970 4994 1
4994 5055 2
5055 5112 2
5112 5141 1
5141 5199 2
5199 5200 2
5200 5257 2
5257 5317 2
5317 5316 2
5316 5378 2
5378 5410 1
5410 5472 2
5472 5438 2
5438 5377 2
5377 5345 2
5345 5284 2
5284 5256 1
5256 5222 2
5222 5165 2
5165 5111 2
5111 5084 1
5084 5054 1
5054 5024 2
5024 5083 2
5083 5140 2
5140 5164 1
5164 5198 2
5198 5254 2
5254 5253 2
5253 5314 2
5314 5343 1
5343 5375 2
5375 5407 1
5407 5468 2
5468 5496 1
5496 5530 1
5530 5562 2
5562 5624 2
5624 5656 1
5656 5717 2
5717 5718 2
5718 5747 1
5747 5779 2
5779 5748 1
5748 5685 2
5685 5657 2
5657 5593 2
5593 5563 1
5563 5531 1
5531 5469 2
5469 5437 1
5437 5376 2
5376 5315 2
5315 5255 2
5255 5283 1
5283 5344 2
5344 5409 2
5409 5471 2
5471 5408 2
5408 5470 2
5470 5532 2
5532 5533 2
5533 5497 2
5497 5534 2
5534 5564 2
5564 5595 1
5595 5627 2
5627 5565 2
5565 5628 2
5628 5688 2
5688 5751 2
5751 5752 2
5752 5814 2
5814 5878 2
5878 5879 2
5879 5943 2
5943 6010 2
6010 6078 2
6078 6111 2
6111 6152 1
6152 6220 2
6220 6221 2
6221 6222 2
6222 6298 2
6298 6332 1
6332 6410 2
6410 6446 2
6446 6519 2
6519 6518 2
6518 6590 2
6590 6667 2
6667 6741 2
6741 6814 2
6814 6847 3
6847 6813 1
6813 6740 2
6740 6702 2
6702 6739 2
6739 6812 2
6812 6846 3
6846 6811 1
6811 6810 2
6810 6738 2
6738 6665 2
6665 6666 2
6666 6627 2
6627 6628 2
6628 6557 2
6557 6484 2
6484 6483 2
6483 6409 2
6409 6331 2
6331 6297 1
6297 6254 2
6254 6182 2
6182 6151 1
6151 6150 2
6150 6077 2
6077 6008 2
6008 6009 2
6009 5942 2
5942 5877 2
5877 5813 2
5813 5812 2
5812 5750 2
5750 5687 2
5687 5658 2
5658 5626 1
5626 5594 2
5594 5625 1
5625 5686 2
5686 5719 2
5719 5749 1
5749 5811 2
5811 5841 1
5841 5876 2
5876 5941 2
5941 5940 2
5940 6006 2
6006 6007 2
6007 6076 2
6076 6149 2
6149 6219 2
6219 6296 2
6296 6371 2
6371 6330 2
6330 6408 2
6408 6445 2
6445 6482 1
6482 6556 2
6556 6555 2
6555 6589 2
6589 6588 2
6588 6554 2
6554 6587 1
6587 6586 2
6586 6662 2
6662 6663 2
6663 6664 2
6664 6701 1
6701 6737 2
6737 6772 1
6772 6845 2
6845 6844 2
6844 6771 2
6771 6736 1
6736 6661 2
6661 6585 2
6585 6584 2
6584 6514 2
6514 6583 2
6583 6553 2
6553 6479 2
6479 6478 2
6478 6477 2
6477 6440 1
6440 6365 2
6365 6366 2
6366 6405 1
6405 6441 2
6441 6442 2
6442 6515 2
6515 6480 1
6480 6516 2
6516 6443 2
6443 6481 2
6481 6517 2
6517 6444 2
6444 6407 2
6407 6370 1
6370 6295 2
6295 6218 2
6218 6148 2
6148 6075 2
6075 6147 2
6147 6146 2
6146 6217 2
6217 6253 1
6253 6294 2
6294 6369 2
6369 6329 2
6329 6406 2
6406 6368 1
6368 6293 2
6293 6216 2
6216 6145 2
6145 6074 2
6074 6044 2
6044 6005 1
6005 5972 1
5972 5907 2
5907 5906 2
5906 5875 2
5875 5840 2
5840 5810 2
5810 5778 2
5778 5809 1
5809 5874 2
5874 5873 2
5873 5938 2
5938 5939 2
5939 5971 2
5971 6043 2
6043 6004 1
6004 6003 2
6003 6073 2
6073 6110 2
6110 6144 2
6144 6181 1
6181 6252 2
6252 6292 1
6292 6367 2
6367 6328 2
6328 6251 2
6251 6215 1
6215 6291 2
6291 6290 2
6290 6214 2
6214 6180 2
6180 6141 1
6141 6109 2
6109 6069 1
6069 6000 2
6000 5936 2
5936 5871 2
5871 5808 2
5808 5807 2
5807 5775 2
5775 5837 2
5837 5870 2
5870 5935 2
5935 5969 1
5969 6041 2
6041 6040 2
6040 6068 1
6068 6108 2
6108 6140 2
6140 6213 2
6213 6250 2
6250 6289 2
6289 6327 2
6327 6364 2
6364 6404 1
6404 6476 2
6476 6475 2
6475 6439 1
6439 6363 2
6363 6288 2
6288 6212 2
6212 6179 2
6179 6139 2
6139 6211 2
6211 6249 2
6249 6287 1
6287 6362 2
6362 6403 1
6403 6474 2
6474 6513 2
6513 6549 1
6549 6582 2
6582 6550 1
6550 6624 2
6624 6658 2
6658 6698 1
6698 6733 2
6733 6699 1
6699 6625 2
6625 6551 2
6551 6552 2
6552 6626 2
6626 6659 1
6659 6700 1
6700 6734 2
6734 6660 2
6660 6735 2
6735 6809 2
6809 6808 2
6808 6807 2
6807 6770 2
6770 6806 1
6806 6805 2
6805 6804 2
6804 6769 1
6769 6843 3
6843 6803 2
6803 6768 2
6768 6732 1
6732 6657 2
6657 6623 1
6623 6622 2
6622 6697 2
6697 6767 2
6767 6842 2
6842 6841 2
6841 6766 2
6766 6695 2
6695 6696 2
6696 6621 2
6621 6547 2
6547 6548 2
6548 6473 2
6473 6402 2
6402 6361 1
6361 6326 2
6326 6286 1
6286 6248 2
6248 6178 2
6178 6106 2
6106 6107 2
6107 6039 2
6039 5999 1
5999 5966 2
5966 5902 2
5902 5867 1
5867 5804 2
5804 5774 1
5774 5805 2
5805 5868 2
5868 5934 2
5934 5967 1
5967 5968 2
5968 5903 2
5903 5869 1
5869 5806 2
5806 5744 2
5744 5743 2
5743 5681 2
5681 5619 2
5619 5618 2
5618 5680 2
5680 5712 1
5712 5711 3
5711 5653 2
5653 5589 2
5589 5588 2
5588 5523 2
5523 5461 2
5461 5462 2
5462 5524 2
5524 5559 2
5559 5525 1
5525 5463 2
5463 5433 1
5433 5372 2
5372 5403 2
5403 5464 2
5464 5494 2
5494 5434 2
5434 5404 1
5404 5465 2
5465 5466 2
5466 5527 2
5527 5526 2
5526 5591 2
5591 5654 2
5654 5590 2
5590 5560 2
5560 5620 2
5620 5682 2
5682 5713 2
5713 5745 2
5745 5683 2
5683 5714 1
5714 5715 2
5715 5776 2
5776 5838 2
5838 5872 2
5872 5904 1
5904 5970 2
5970 6042 2
6042 6070 1
6070 6071 2
6071 6142 2
6142 6143 2
6143 6072 2
6072 6002 2
6002 6001 2
6001 5937 2
5937 5905 1
5905 5839 2
5839 5777 2
5777 5746 1
5746 5716 2
5716 5684 1
5684 5623 2
5623 5592 2
5592 5655 2
5655 5622 1
5622 5621 2
5621 5561 2
5561 5495 2
5495 5528 1
5528 5529 2
5529 5467 2
5467 5436 1
5436 5406 2
5406 5435 1
5435 5405 2
5405 5373 1
5373 5340 2
5340 5339 2
5339 5311 1
5311 5279 2
5279 5310 1
5310 5248 2
5248 5309 2
5309 5371 2
5371 5402 1
5402 5370 2
5370 5308 2
5308 5278 1
5278 5217 2
5217 5218 2
5218 5158 2
5158 5159 2
5159 5192 2
5192 5219 2
5219 5249 2
5249 5193 2
5193 5250 2
5250 5280 1
5280 5220 2
5220 5161 2
5161 5136 1
5136 5078 2
5078 5020 2
5020 4991 1
4991 4963 2
4963 4934 2
4934 4962 1
4962 5019 2
5019 5050 1
5050 5018 2
5018 5077 2
5077 5107 2
5107 5160 2
5160 5135 2
5135 5106 2
5106 5076 1
5076 5049 2
5049 5105 2
5105 5075 1
5075 5016 2
5016 4961 2
4961 4907 2
4907 4851 2
4851 4800 2
4800 4740 2
4740 4686 2
4686 4657 1
4657 4687 2
4687 4741 2
4741 4742 2
4742 4770 1
4770 4801 2
4801 4852 2
4852 4853 2
4853 4875 1
4875 4932 2
4932 4931 2
4931 4989 2
4989 5017 2
5017 4990 1
4990 4933 2
4933 4908 1
4908 4854 2
4854 4823 2
4823 4771 2
4771 4802 2
4802 4772 2
4772 4743 1
4743 4713 2
4713 4688 2
4688 4633 2
4633 4632 2
4632 4573 2
4573 4574 2
4574 4520 2
4520 4465 2
4465 4412 2
4412 4466 2
4466 4492 1
4492 4544 2
4544 4601 2
4601 4634 2
4634 4658 1
4658 4689 2
4689 4635 2
4635 4602 2
4602 4575 1
4575 4545 2
4545 4493 2
4493 4521 2
4521 4546 2
4546 4603 2
4603 4659 2
4659 4715 2
4715 4714 2
4714 4773 2
4773 4824 2
4824 4855 2
4855 4876 1
4876 4909 2
4909 4935 2
4935 4877 2
4877 4857 1
4857 4856 2
4856 4803 2
4803 4774 1
4774 4716 2
4716 4744 2
4744 4717 1
4717 4745 2
4745 4806 2
4806 4805 2
4805 4804 2
4804 4858 2
4858 4910 2
4910 4964 2
4964 4992 1
4992 5051 2
5051 5079 2
5079 5108 1
5108 5162 2
5162 5194 2
5194 5195 2
5195 5137 2
5137 5109 1
5109 5052 2
5052 5021 1
5021 4965 2
4965 4911 2
4911 4878 2
4878 4859 1
4859 4825 2
4825 4860 2
4860 4879 1
4879 4912 2
4912 4967 2
4967 4966 2
4966 5022 2
5022 5080 2
5080 5138 2
5138 5196 2
5196 5221 1
5221 5282 2
5282 5281 2
5281 5251 2
5251 5312 2
5312 5341 2
5341 5342 2
5342 5374 2
5374 5313 2
5313 5252 2
5252 5197 2
5197 5163 2
5163 5139 2
5139 5081 2
5081 5082 2
5082 5110 1
5110 5053 2
5053 5023 2
5023 4968 2
4968 4993 2
4993 4936 2
4936 4913 1
4913 4861 2
4861 4808 2
4808 4776 2
4776 4807 1
4807 4775 2
4775 4718 2
4718 4662 2
4662 4690 1
4690 4661 2
4661 4660 2
4660 4636 1
4636 4604 1
4604 4547 2
4547 4548 2
4548 4576 2
4576 4605 1
4605 4606 2
4606 4549 2
4549 4522 2
4522 4495 2
4495 4468 1
4468 4443 2
4443 4494 2
4494 4467 2
4467 4442 2
4442 4441 2
4441 4413 1
4413 4359 2
4359 4326 2
4326 4358 1
4358 4411 2
4411 4385 2
4385 4440 2
4440 4464 2
4464 4519 2
4519 4543 1
4543 4600 2
4600 4599 2
4599 4542 2
4542 4491 2
4491 4439 2
4439 4410 1
4410 4357 2
4357 4304 2
4304 4324 2
4324 4325 2
4325 4272 2
4272 4249 1
4249 4218 2
4218 4248 1
4248 4165 3
4165 4113 2
4113 4062 2
4062 4036 1
4036 3988 2
3988 4010 2
4010 4037 2
4037 4011 1
4011 4038 2
4038 4063 2
4063 4114 2
4114 4091 1
4091 4090 2
4090 4089 2
4089 4138 2
4138 4166 1
4166 4196 2
4196 4139 2
4139 4167 2
4167 4219 2
4219 4273 2
4273 4274 2
4274 4220 2
4220 4197 1
4197 4140 2
4140 4141 2
4141 4092 2
4092 4039 2
4039 4012 2
4012 3989 2
3989 3967 2
3967 3966 2
3966 3965 2
3965 3942 1
3942 3915 2
3915 3867 2
3867 3844 1
3844 3794 2
3794 3774 1
3774 3727 2
3727 3726 2
3726 3683 2
3683 3684 3
3684 3641 2
3641 3615 1
3615 3595 2
3595 3547 2
3547 3498 2
3498 3499 2
3499 3500 2
3500 3501 2
3501 3447 2
3447 3393 2
3393 3369 1
3369 3446 3
3446 3445 2
3445 3424 1
3424 3368 2
3368 3334 1
3334 3275 2
3275 3276 2
3276 3307 2
3307 3246 2
3246 3211 1
3211 3210 2
3210 3182 1
3182 3118 2
3118 3085 2
3085 3062 3
3062 3021 1
3021 2998 1
2998 2934 2
2934 2898 1
2898 2836 2
2836 2835 2
2835 2774 3
2774 2740 1
2740 2714 2
2714 2684 3
2684 2659 1
2659 2626 1
2626 2600 2
2600 2571 2
2571 2525 2
2525 2526 2
2526 2553 1
2553 2510 2
2510 2470 2
2470 2469 2
2469 2487 1
2487 2468 2
2468 2424 2
2424 2425 2
2425 2382 2
2382 2361 2
2361 2340 2
2340 2296 2
2296 2295 3
2295 2214 4
2214 2257 4
2257 2215 2
2215 2169 2
2169 2127 2
2127 2152 3
2152 2107 2
2107 2059 2
2059 1986 3
1986 1962 3
1962 1912 2
1912 1882 3
1882 1829 3
1829 1794 1
1794 1705 3
1705 1676 4
1676 1615 2
1615 1582 2
1582 1544 1
1544 1479 2
1479 1407 2
1407 1337 3
1337 1271 2
1271 1304 3
1304 1377 2
1377 1378 2
1378 1408 2
1408 1379 1
1379 1409 2
1409 1481 2
1481 1482 2
1482 1517 1
1517 1547 2
1547 1518 2
1518 1483 1
1483 1449 2
1449 1410 1
1410 1339 2
1339 1273 2
1273 1338 2
1338 1306 2
1306 1305 2
1305 1272 1
1272 1234 2
1234 1200 1
1200 1163 2
1163 1162 3
1162 1093 3
1093 1023 2
1023 954 2
954 889 2
889 832 2
832 803 1
803 742 2
742 685 2
685 661 2
661 607 2
607 628 3
628 572 2
572 523 2
523 462 2
462 389 3
389 339 2
339 411 3
411 463 2
463 524 2
524 494 3
494 545 2
545 573 1
573 629 2
629 686 2
686 743 2
743 775 1
775 833 2
833 890 2
890 955 2
955 1024 2
1024 1094 2
1094 1128 2
1128 1058 2
1058 1129 2
1129 1164 1
1164 1201 2
1201 1235 2
1235 1165 2
1165 1130 2
1130 1095 2
1095 1059 2
1059 1025 2
1025 957 2
957 956 2
956 891 2
891 834 2
834 776 2
776 777 3
777 835 2
835 892 2
892 958 2
958 959 2
959 893 2
893 836 2
836 778 2
778 721 3
721 720 2
720 687 1
687 630 2
630 574 2
574 546 2
546 525 2
525 464 2
464 442 2
442 390 2
390 412 2
412 362 2
362 315 2
315 265 2
265 264 2
264 207 2
207 119 3
119 176 4
176 120 2
120 67 2
67 0 3
