6876
0 2
3 2
6 2
15 2
19 2
22 2
25 2
29 2
32 2
36 2
40 2
44 2
48 2
55 2
65 2
71 2
76 2
82 2
87 2
91 2
94 2
98 2
102 2
105 2
108 2
111 2
114 2
117 2
119 2
122 2
125 2
129 2
132 2
136 2
157 2
161 2
165 2
171 2
8 3
11 3
17 3
27 3
34 3
38 3
50 3
53 3
57 3
60 3
63 3
67 3
73 3
78 3
84 3
89 3
96 3
100 3
116 3
127 3
138 3
141 3
144 3
147 3
150 3
153 3
159 3
167 3
173 3
2 4
4 4
13 4
19 4
23 4
30 4
40 4
43 4
46 4
68 4
80 4
92 4
104 4
107 4
110 4
113 4
119 4
121 4
123 4
131 4
134 4
155 4
163 4
168 4
7 5
21 5
25 5
28 5
32 5
36 5
49 5
57 5
61 5
70 5
74 5
82 5
85 5
90 5
94 5
97 5
100 5
103 5
115 5
126 5
129 5
137 5
141 5
145 5
149 5
159 5
170 5
174 5
0 6
3 6
9 6
12 6
15 6
17 6
37 6
42 6
45 6
51 6
54 6
65 6
76 6
78 6
87 6
104 6
107 6
110 6
112 6
117 6
120 6
123 6
131 6
134 6
152 6
156 6
162 6
165 6
19 7
22 7
25 7
28 7
32 7
39 7
49 7
57 7
61 7
67 7
70 7
74 7
80 7
83 7
90 7
94 7
97 7
100 7
114 7
119 7
126 7
137 7
141 7
145 7
149 7
154 7
159 7
167 7
170 7
4 8
7 8
10 8
13 8
16 8
29 8
34 8
43 8
46 8
53 8
58 8
63 8
71 8
84 8
87 8
91 8
102 8
105 8
108 8
111 8
116 8
120 8
123 8
128 8
131 8
134 8
138 8
146 8
163 8
171 8
173 8
1 9
18 9
21 9
24 9
32 9
36 9
39 9
50 9
75 9
78 9
93 9
96 9
99 9
107 9
113 9
126 9
141 9
149 9
152 9
156 9
159 9
165 9
7 10
10 10
14 10
26 10
29 10
40 10
43 10
47 10
55 10
60 10
63 10
66 10
68 10
72 10
80 10
83 10
86 10
89 10
101 10
104 10
109 10
113 10
116 10
118 10
120 10
123 10
129 10
132 10
135 10
138 10
144 10
161 10
166 10
169 10
173 10
2 11
4 11
16 11
19 11
21 11
24 11
32 11
36 11
45 11
50 11
53 11
57 11
75 11
91 11
94 11
97 11
111 11
126 11
141 11
146 11
150 11
153 11
171 11
8 12
12 12
25 12
28 12
33 12
37 12
41 12
63 12
68 12
71 12
77 12
80 12
83 12
87 12
100 12
104 12
107 12
114 12
117 12
120 12
123 12
129 12
132 12
135 12
156 12
159 12
163 12
167 12
5 13
10 13
15 13
21 13
30 13
45 13
48 13
51 13
55 13
58 13
61 13
75 13
89 13
93 13
98 13
112 13
126 13
137 13
141 13
146 13
152 13
161 13
170 13
173 13
2 14
17 14
26 14
34 14
39 14
42 14
66 14
72 14
85 14
94 14
101 14
104 14
109 14
115 14
120 14
123 14
130 14
143 14
149 14
154 14
157 14
164 14
167 14
5 15
11 15
21 15
30 15
36 15
45 15
49 15
52 15
58 15
62 15
68 15
76 15
79 15
82 15
87 15
90 15
99 15
106 15
117 15
126 15
132 15
137 15
141 15
146 15
162 15
170 15
173 15
1 16
8 16
13 16
15 16
18 16
23 16
27 16
40 16
55 16
63 16
69 16
91 16
96 16
102 16
112 16
127 16
134 16
138 16
151 16
155 16
159 16
165 16
3 17
6 17
11 17
21 17
30 17
33 17
37 17
43 17
46 17
52 17
59 17
71 17
74 17
79 17
82 17
85 17
93 17
105 17
107 17
110 17
115 17
118 17
120 17
122 17
142 17
146 17
149 17
157 17
163 17
167 17
173 17
8 18
15 18
18 18
23 18
26 18
49 18
65 18
76 18
88 18
97 18
100 18
124 18
128 18
130 18
133 18
138 18
143 18
153 18
160 18
170 18
1 19
4 19
10 19
13 19
28 19
31 19
34 19
37 19
39 19
46 19
53 19
56 19
60 19
63 19
68 19
72 19
79 19
82 19
86 19
90 19
93 19
102 19
107 19
111 19
115 19
122 19
135 19
146 19
150 19
165 19
168 19
174 19
7 20
14 20
17 20
20 20
22 20
25 20
41 20
43 20
50 20
57 20
76 20
83 20
95 20
98 20
103 20
108 20
116 20
119 20
125 20
127 20
131 20
138 20
141 20
147 20
151 20
155 20
157 20
161 20
170 20
2 21
4 21
10 21
28 21
31 21
34 21
39 21
46 21
53 21
61 21
65 21
69 21
73 21
79 21
87 21
91 21
111 21
123 21
129 21
135 21
143 21
166 21
7 22
12 22
15 22
18 22
22 22
25 22
36 22
49 22
58 22
76 22
84 22
93 22
97 22
100 22
104 22
106 22
113 22
117 22
120 22
132 22
149 22
153 22
159 22
163 22
167 22
171 22
173 22
3 23
6 23
10 23
20 23
27 23
30 23
33 23
39 23
41 23
43 23
46 23
51 23
54 23
61 23
65 23
69 23
73 23
78 23
80 23
87 23
95 23
102 23
108 23
111 23
123 23
126 23
129 23
134 23
137 23
139 23
143 23
146 23
151 23
155 23
169 23
0 24
14 24
17 24
23 24
35 24
48 24
56 24
62 24
66 24
74 24
83 24
89 24
91 24
98 24
114 24
117 24
120 24
131 24
140 24
157 24
161 24
3 25
6 25
9 25
12 25
20 25
25 25
28 25
31 25
42 25
45 25
51 25
58 25
69 25
77 25
80 25
85 25
95 25
100 25
104 25
108 25
112 25
122 25
124 25
127 25
133 25
135 25
144 25
147 25
152 25
163 25
166 25
170 25
173 25
0 26
14 26
17 26
33 26
37 26
39 26
48 26
54 26
64 26
72 26
81 26
88 26
92 26
105 26
115 26
118 26
130 26
136 26
138 26
141 26
149 26
155 26
159 26
167 26
2 27
5 27
8 27
20 27
22 27
25 27
29 27
35 27
42 27
45 27
51 27
57 27
60 27
66 27
69 27
74 27
78 27
84 27
90 27
95 27
98 27
101 27
108 27
112 27
120 27
123 27
125 27
127 27
133 27
144 27
153 27
157 27
163 27
170 27
174 27
9 28
11 28
14 28
17 28
26 28
48 28
54 28
61 28
63 28
70 28
75 28
86 28
109 28
113 28
116 28
130 28
134 28
138 28
141 28
146 28
150 28
160 28
1 29
4 29
19 29
22 29
29 29
31 29
34 29
37 29
39 29
42 29
45 29
51 29
57 29
65 29
72 29
77 29
80 29
83 29
91 29
95 29
100 29
103 29
105 29
118 29
121 29
125 29
127 29
136 29
144 29
157 29
163 29
166 29
170 29
5 30
7 30
10 30
13 30
16 30
24 30
48 30
54 30
60 30
68 30
74 30
85 30
88 30
92 30
97 30
106 30
110 30
115 30
122 30
129 30
132 30
138 30
141 30
147 30
151 30
154 30
167 30
173 30
1 31
19 31
26 31
31 31
34 31
37 31
40 31
43 31
51 31
56 31
58 31
62 31
65 31
76 31
78 31
80 31
83 31
95 31
100 31
108 31
112 31
117 31
124 31
127 31
134 31
144 31
158 31
161 31
170 31
1 32
4 32
7 32
10 32
13 32
16 32
22 32
28 32
34 32
45 32
48 32
52 32
65 32
68 32
70 32
72 32
86 32
89 32
92 32
97 32
103 32
113 32
118 32
120 32
128 32
131 32
135 32
138 32
141 32
148 32
151 32
155 32
162 32
165 32
18 33
24 33
30 33
36 33
38 33
41 33
54 33
57 33
59 33
62 33
74 33
79 33
83 33
95 33
100 33
105 33
109 33
122 33
125 33
144 33
167 33
171 33
174 33
1 34
3 34
6 34
9 34
12 34
15 34
20 34
27 34
33 34
44 34
46 34
49 34
51 34
62 34
65 34
68 34
71 34
76 34
80 34
84 34
87 34
89 34
92 34
97 34
102 34
110 34
114 34
116 34
119 34
126 34
129 34
131 34
133 34
136 34
138 34
141 34
146 34
149 34
153 34
158 34
162 34
168 34
17 35
22 35
25 35
29 35
31 35
36 35
39 35
41 35
53 35
56 35
59 35
67 35
73 35
99 35
105 35
121 35
128 35
135 35
143 35
151 35
155 35
164 35
171 35
1 36
4 36
6 36
8 36
10 36
12 36
14 36
19 36
43 36
46 36
49 36
62 36
64 36
70 36
75 36
77 36
80 36
83 36
86 36
89 36
92 36
94 36
96 36
102 36
107 36
110 36
113 36
117 36
122 36
125 36
132 36
138 36
140 36
144 36
147 36
157 36
160 36
173 36
17 37
22 37
25 37
27 37
30 37
32 37
35 37
38 37
41 37
51 37
54 37
57 37
60 37
66 37
68 37
73 37
98 37
100 37
104 37
115 37
119 37
127 37
129 37
134 37
142 37
149 37
153 37
163 37
165 37
167 37
170 37
2 38
5 38
9 38
14 38
22 38
43 38
46 38
48 38
63 38
70 38
75 38
78 38
81 38
83 38
85 38
87 38
89 38
91 38
94 38
106 38
108 38
110 38
112 38
122 38
124 38
131 38
136 38
139 38
144 38
146 38
154 38
157 38
160 38
167 38
173 38
7 39
11 39
16 39
18 39
24 39
27 39
30 39
32 39
35 39
38 39
50 39
53 39
55 39
58 39
61 39
66 39
72 39
77 39
96 39
100 39
102 39
105 39
115 39
119 39
127 39
129 39
133 39
138 39
142 39
148 39
150 39
156 39
162 39
169 39
171 39
2 40
4 40
13 40
19 40
21 40
27 40
40 40
43 40
46 40
63 40
67 40
69 40
74 40
80 40
85 40
90 40
93 40
97 40
102 40
106 40
109 40
112 40
116 40
121 40
124 40
130 40
135 40
139 40
150 40
153 40
157 40
159 40
164 40
166 40
174 40
6 41
8 41
11 41
16 41
23 41
25 41
29 41
32 41
34 41
36 41
48 41
51 41
55 41
58 41
72 41
77 41
82 41
87 41
95 41
99 41
104 41
108 41
111 41
119 41
126 41
132 41
141 41
143 41
145 41
155 41
161 41
167 41
169 41
171 41
0 42
3 42
8 42
13 42
20 42
37 42
40 42
42 42
45 42
52 42
60 42
62 42
65 42
69 42
78 42
84 42
90 42
92 42
96 42
101 42
105 42
112 42
114 42
116 42
121 42
123 42
129 42
134 42
136 42
138 42
146 42
149 42
152 42
158 42
162 42
164 42
172 42
174 42
5 43
10 43
15 43
17 43
22 43
24 43
26 43
28 43
30 43
33 43
48 43
54 43
56 43
59 43
67 43
71 43
73 43
80 43
86 43
88 43
94 43
98 43
103 43
107 43
109 43
125 43
127 43
131 43
140 43
155 43
160 43
166 43
168 43
171 43
6 44
12 44
19 44
34 44
37 44
39 44
42 44
45 44
50 44
61 44
64 44
75 44
77 44
81 44
83 44
88 44
91 44
95 44
98 44
100 44
104 44
109 44
112 44
114 44
117 44
119 44
122 44
131 44
134 44
137 44
142 44
144 44
147 44
157 44
163 44
168 44
173 44
2 45
8 45
14 45
17 45
21 45
24 45
27 45
30 45
47 45
52 45
55 45
58 45
66 45
69 45
72 45
79 45
85 45
90 45
93 45
101 45
106 45
111 45
116 45
124 45
126 45
128 45
139 45
149 45
159 45
161 45
165 45
170 45
174 45
5 46
9 46
11 46
18 46
24 46
31 46
34 46
36 46
39 46
42 46
44 46
49 46
61 46
63 46
73 46
76 46
82 46
87 46
96 46
98 46
103 46
108 46
113 46
118 46
121 46
131 46
133 46
136 46
141 46
145 46
152 46
167 46
171 46
3 47
13 47
15 47
20 47
22 47
26 47
28 47
46 47
51 47
53 47
55 47
58 47
65 47
67 47
69 47
75 47
78 47
80 47
84 47
88 47
90 47
92 47
94 47
100 47
102 47
105 47
110 47
115 47
123 47
126 47
128 47
139 47
143 47
147 47
150 47
162 47
165 47
169 47
173 47
175 47
5 48
7 48
10 48
17 48
30 48
33 48
37 48
40 48
43 48
48 48
56 48
60 48
62 48
70 48
72 48
81 48
85 48
96 48
98 48
106 48
108 48
112 48
115 48
118 48
120 48
129 48
133 48
136 48
155 48
170 48
1 49
9 49
12 49
15 49
19 49
21 49
23 49
26 49
35 49
39 49
45 49
50 49
53 49
58 49
64 49
66 49
69 49
73 49
75 49
77 49
83 49
87 49
90 49
93 49
100 49
102 49
104 49
110 49
117 49
122 49
124 49
131 49
139 49
142 49
145 49
148 49
151 49
158 49
166 49
172 49
174 49
6 50
16 50
27 50
30 50
32 50
40 50
42 50
47 50
50 50
55 50
60 50
62 50
66 50
70 50
78 50
80 50
84 50
91 50
95 50
97 50
107 50
112 50
114 50
119 50
125 50
128 50
133 50
136 50
152 50
161 50
168 50
2 51
8 51
11 51
13 51
18 51
21 51
23 51
34 51
36 51
43 51
45 51
52 51
54 51
57 51
64 51
68 51
72 51
75 51
82 51
86 51
88 51
93 51
99 51
101 51
103 51
105 51
109 51
116 51
121 51
138 51
141 51
143 51
145 51
148 51
154 51
171 51
174 51
5 52
14 52
18 52
26 52
28 52
31 52
38 52
40 52
46 52
48 52
50 52
59 52
61 52
69 52
76 52
79 52
90 52
96 52
106 52
112 52
117 52
122 52
126 52
129 52
132 52
135 52
150 52
162 52
2 53
7 53
9 53
16 53
20 53
23 53
30 53
33 53
35 53
42 53
52 53
54 53
56 53
63 53
65 53
71 53
74 53
81 53
83 53
86 53
88 53
92 53
94 53
98 53
101 53
108 53
114 53
119 53
124 53
137 53
139 53
143 53
146 53
152 53
155 53
166 53
172 53
175 53
3 54
11 54
13 54
24 54
27 54
35 54
37 54
39 54
43 54
45 54
47 54
49 54
58 54
60 54
65 54
68 54
75 54
78 54
83 54
89 54
95 54
102 54
104 54
109 54
111 54
120 54
127 54
130 54
133 54
140 54
147 54
149 54
157 54
5 55
8 55
16 55
19 55
22 55
29 55
31 55
40 55
51 55
53 55
55 55
62 55
70 55
73 55
80 55
85 55
91 55
97 55
106 55
114 55
116 55
122 55
135 55
142 55
144 55
152 55
155 55
168 55
9 56
13 56
24 56
26 56
33 56
35 56
37 56
42 56
44 56
46 56
48 56
57 56
59 56
64 56
67 56
75 56
77 56
82 56
88 56
93 56
98 56
101 56
118 56
124 56
129 56
132 56
138 56
145 56
149 56
157 56
160 56
163 56
172 56
5 57
11 57
15 57
17 57
19 57
28 57
31 57
38 57
40 57
50 57
53 57
55 57
61 57
69 57
71 57
79 57
84 57
86 57
91 57
103 57
107 57
110 57
120 57
126 57
134 57
140 57
147 57
151 57
154 57
1 58
8 58
20 58
22 58
25 58
28 58
32 58
35 58
42 58
45 58
47 58
50 58
58 58
64 58
66 58
73 58
76 58
81 58
88 58
93 58
96 58
99 58
113 58
116 58
123 58
130 58
135 58
137 58
142 58
144 58
156 58
159 58
164 58
168 58
6 59
10 59
12 59
15 59
18 59
24 59
30 59
34 59
37 59
39 59
44 59
52 59
55 59
60 59
62 59
68 59
71 59
79 59
84 59
103 59
107 59
111 59
119 59
121 59
127 59
132 59
139 59
146 59
148 59
150 59
152 59
161 59
172 59
15 60
21 60
27 60
31 60
41 60
47 60
49 60
56 60
64 60
73 60
76 60
81 60
86 60
90 60
94 60
100 60
124 60
135 60
142 60
154 60
157 60
165 60
1 61
6 61
8 61
11 61
17 61
19 61
23 61
25 61
29 61
33 61
35 61
37 61
39 61
43 61
45 61
51 61
58 61
66 61
69 61
88 61
96 61
104 61
114 61
117 61
122 61
128 61
131 61
137 61
140 61
144 61
147 61
151 61
156 61
162 61
167 61
2 62
12 62
14 62
20 62
26 62
30 62
40 62
52 62
54 62
61 62
71 62
75 62
78 62
81 62
84 62
91 62
107 62
110 62
125 62
132 62
134 62
137 62
148 62
153 62
159 62
169 62
172 62
6 63
8 63
16 63
21 63
23 63
32 63
35 63
38 63
42 63
45 63
47 63
59 63
64 63
73 63
97 63
100 63
118 63
122 63
128 63
139 63
141 63
144 63
150 63
155 63
157 63
163 63
0 64
9 64
11 64
13 64
16 64
18 64
25 64
27 64
29 64
32 64
49 64
56 64
65 64
68 64
81 64
85 64
88 64
93 64
103 64
114 64
119 64
125 64
133 64
136 64
146 64
152 64
160 64
166 64
169 64
173 64
3 65
7 65
19 65
21 65
23 65
34 65
36 65
39 65
42 65
52 65
61 65
74 65
77 65
110 65
122 65
128 65
138 65
140 65
142 65
148 65
155 65
158 65
164 65
171 65
10 66
12 66
14 66
16 66
26 66
29 66
31 66
44 66
47 66
53 66
57 66
68 66
71 66
82 66
90 66
96 66
100 66
106 66
123 66
129 66
132 66
135 66
143 66
145 66
149 66
152 66
4 67
7 67
18 67
20 67
22 67
24 67
33 67
36 67
39 67
63 67
77 67
85 67
112 67
115 67
118 67
125 67
137 67
140 67
154 67
158 67
160 67
165 67
168 67
172 67
1 68
9 68
11 68
13 68
15 68
26 68
28 68
30 68
40 68
44 68
49 68
59 68
65 68
73 68
79 68
87 68
93 68
102 68
127 68
131 68
134 68
137 68
141 68
144 68
146 68
148 68
151 68
155 68
161 68
173 68
5 69
7 69
17 69
19 69
22 69
24 69
32 69
35 69
47 69
52 69
55 69
68 69
82 69
90 69
97 69
106 69
119 69
122 69
129 69
139 69
11 70
14 70
19 70
26 70
29 70
36 70
41 70
60 70
70 70
76 70
108 70
123 70
126 70
136 70
142 70
145 70
148 70
150 70
152 70
155 70
157 70
160 70
163 70
2 71
7 71
13 71
16 71
21 71
23 71
32 71
44 71
63 71
73 71
79 71
84 71
93 71
99 71
111 71
114 71
129 71
131 71
133 71
138 71
140 71
144 71
154 71
8 72
10 72
18 72
24 72
26 72
29 72
38 72
49 72
52 72
56 72
65 72
88 72
102 72
116 72
119 72
123 72
126 72
134 72
141 72
147 72
151 72
156 72
158 72
161 72
168 72
3 73
12 73
14 73
16 73
20 73
33 73
36 73
46 73
60 73
68 73
81 73
85 73
94 73
130 73
137 73
143 73
145 73
149 73
154 73
164 73
6 74
9 74
17 74
22 74
25 74
27 74
30 74
41 74
53 74
70 74
73 74
76 74
89 74
105 74
120 74
124 74
127 74
133 74
138 74
140 74
146 74
151 74
158 74
160 74
170 74
3 75
11 75
14 75
19 75
23 75
39 75
56 75
95 75
99 75
108 75
112 75
117 75
130 75
142 75
148 75
153 75
155 75
5 76
8 76
16 76
20 76
27 76
34 76
45 76
49 76
61 76
64 76
81 76
121 76
124 76
127 76
134 76
136 76
139 76
143 76
145 76
150 76
157 76
161 76
163 76
10 77
12 77
15 77
18 77
22 77
24 77
29 77
32 77
42 77
68 77
75 77
84 77
89 77
101 77
114 77
129 77
131 77
141 77
147 77
152 77
155 77
159 77
0 78
4 78
7 78
19 78
25 78
36 78
52 78
57 78
71 78
77 78
91 78
95 78
119 78
125 78
133 78
138 78
144 78
149 78
161 78
165 78
171 78
9 79
12 79
14 79
17 79
21 79
39 79
46 79
64 79
86 79
103 79
107 79
116 79
122 79
127 79
131 79
135 79
141 79
146 79
151 79
153 79
156 79
163 79
3 80
6 80
9 80
18 80
23 80
25 80
28 80
32 80
48 80
53 80
60 80
81 80
98 80
110 80
128 80
138 80
143 80
148 80
159 80
167 80
11 81
14 81
20 81
41 81
66 81
71 81
77 81
95 81
119 81
123 81
131 81
133 81
135 81
140 81
145 81
150 81
153 81
156 81
1 82
4 82
7 82
11 82
15 82
17 82
20 82
23 82
26 82
33 82
36 82
56 82
73 82
87 82
91 82
103 82
113 82
125 82
128 82
137 82
142 82
147 82
150 82
158 82
161 82
163 82
170 82
9 83
13 83
29 83
42 83
61 83
68 83
82 83
100 83
106 83
116 83
121 83
130 83
133 83
136 83
139 83
144 83
152 83
155 83
3 84
6 84
16 84
19 84
21 84
24 84
45 84
49 84
52 84
78 84
109 84
126 84
141 84
145 84
147 84
149 84
152 84
158 84
161 84
164 84
166 84
1 85
9 85
11 85
14 85
23 85
34 85
38 85
56 85
63 85
94 85
118 85
122 85
129 85
132 85
134 85
137 85
140 85
154 85
156 85
163 85
171 85
3 86
6 86
16 86
18 86
20 86
24 86
27 86
30 86
74 86
83 86
87 86
90 86
113 86
126 86
141 86
143 86
146 86
150 86
158 86
160 86
167 86
9 87
12 87
41 87
46 87
58 87
65 87
68 87
71 87
97 87
123 87
129 87
132 87
134 87
136 87
138 87
145 87
148 87
152 87
155 87
162 87
164 87
1 88
3 88
6 88
14 88
16 88
19 88
21 88
23 88
35 88
52 88
79 88
101 88
105 88
109 88
114 88
119 88
139 88
142 88
149 88
156 88
159 88
167 88
171 88
8 89
10 89
25 89
30 89
38 89
49 89
61 89
76 89
125 89
128 89
131 89
135 89
141 89
144 89
147 89
151 89
153 89
158 89
161 89
163 89
165 89
0 90
3 90
5 90
11 90
13 90
16 90
18 90
21 90
42 90
54 90
84 90
92 90
115 90
121 90
132 90
138 90
144 90
155 90
167 90
2 91
8 91
20 91
23 91
26 91
32 91
57 91
66 91
71 91
81 91
87 91
134 91
136 91
140 91
146 91
148 91
150 91
153 91
157 91
159 91
162 91
165 91
171 91
5 92
11 92
14 92
17 92
45 92
93 92
97 92
101 92
109 92
127 92
130 92
141 92
143 92
154 92
167 92
1 93
3 93
7 93
16 93
19 93
22 93
27 93
34 93
38 93
60 93
68 93
73 93
77 93
89 93
104 93
117 93
122 93
125 93
133 93
136 93
145 93
148 93
150 93
156 93
159 93
161 93
163 93
172 93
4 94
9 94
11 94
13 94
19 94
24 94
47 94
51 94
62 94
85 94
94 94
98 94
111 94
139 94
151 94
153 94
165 94
168 94
1 95
6 95
16 95
21 95
29 95
40 95
55 95
78 95
81 95
87 95
90 95
96 95
100 95
104 95
114 95
119 95
127 95
130 95
134 95
137 95
141 95
143 95
146 95
149 95
155 95
157 95
160 95
163 95
173 95
3 96
7 96
10 96
13 96
18 96
22 96
25 96
64 96
70 96
74 96
83 96
91 96
93 96
101 96
105 96
108 96
120 96
124 96
131 96
138 96
151 96
153 96
157 96
166 96
168 96
170 96
1 97
5 97
9 97
15 97
20 97
31 97
35 97
43 97
58 97
67 97
76 97
79 97
82 97
85 97
87 97
95 97
98 97
110 97
113 97
115 97
122 97
127 97
133 97
135 97
140 97
143 97
145 97
148 97
155 97
159 97
162 97
165 97
172 97
2 98
6 98
10 98
12 98
17 98
22 98
25 98
49 98
52 98
71 98
89 98
91 98
101 98
104 98
107 98
116 98
118 98
124 98
129 98
137 98
149 98
152 98
156 98
169 98
173 98
3 99
8 99
14 99
19 99
45 99
55 99
60 99
74 99
77 99
79 99
82 99
85 99
87 99
94 99
98 99
106 99
109 99
111 99
114 99
120 99
127 99
131 99
134 99
139 99
141 99
144 99
146 99
154 99
167 99
175 99
0 100
5 100
11 100
16 100
22 100
24 100
27 100
39 100
63 100
67 100
82 100
91 100
95 100
101 100
103 100
115 100
117 100
124 100
136 100
141 100
149 100
151 100
155 100
158 100
170 100
172 100
2 101
7 101
9 101
13 101
18 101
20 101
31 101
35 101
46 101
70 101
74 101
77 101
80 101
84 101
87 101
97 101
99 101
105 101
107 101
109 101
111 101
118 101
120 101
126 101
128 101
130 101
132 101
138 101
143 101
146 101
153 101
161 101
168 101
174 101
2 102
4 102
10 102
15 102
22 102
25 102
42 102
49 102
52 102
56 102
60 102
71 102
89 102
92 102
94 102
101 102
103 102
111 102
113 102
115 102
122 102
133 102
135 102
139 102
147 102
150 102
155 102
163 102
165 102
171 102
5 103
8 103
12 103
17 103
20 103
37 103
40 103
47 103
63 103
66 103
74 103
77 103
80 103
82 103
85 103
87 103
91 103
96 103
98 103
105 103
107 103
117 103
120 103
124 103
129 103
141 103
143 103
152 103
158 103
169 103
173 103
0 104
2 104
5 104
12 104
14 104
17 104
23 104
26 104
33 104
44 104
52 104
57 104
71 104
77 104
88 104
93 104
99 104
102 104
108 104
110 104
112 104
114 104
117 104
126 104
130 104
133 104
136 104
138 104
145 104
147 104
149 104
160 104
163 104
166 104
7 105
9 105
19 105
21 105
29 105
35 105
38 105
41 105
47 105
60 105
67 105
73 105
79 105
82 105
84 105
90 105
105 105
119 105
121 105
124 105
135 105
140 105
142 105
152 105
154 105
165 105
170 105
172 105
174 105
2 106
4 106
10 106
12 106
14 106
16 106
24 106
30 106
41 106
44 106
49 106
52 106
55 106
75 106
79 106
85 106
87 106
94 106
97 106
101 106
108 106
111 106
113 106
115 106
117 106
126 106
129 106
132 106
137 106
144 106
146 106
149 106
156 106
158 106
161 106
167 106
1 107
6 107
8 107
18 107
21 107
32 107
35 107
38 107
46 107
61 107
64 107
68 107
71 107
77 107
81 107
90 107
103 107
119 107
135 107
139 107
141 107
154 107
164 107
170 107
173 107
3 108
9 108
12 108
14 108
16 108
21 108
23 108
26 108
35 108
41 108
43 108
47 108
50 108
53 108
57 108
72 108
74 108
78 108
83 108
91 108
97 108
100 108
106 108
109 108
112 108
114 108
116 108
120 108
123 108
127 108
131 108
136 108
143 108
146 108
148 108
151 108
158 108
166 108
173 108
1 109
5 109
11 109
18 109
28 109
32 109
37 109
39 109
55 109
76 109
81 109
85 109
87 109
93 109
102 109
104 109
118 109
138 109
141 109
155 109
160 109
170 109
175 109
2 110
6 110
8 110
12 110
15 110
19 110
22 110
24 110
29 110
43 110
46 110
49 110
52 110
59 110
65 110
68 110
71 110
73 110
78 110
89 110
95 110
97 110
99 110
107 110
110 110
113 110
115 110
120 110
124 110
128 110
131 110
134 110
143 110
145 110
148 110
151 110
156 110
162 110
165 110
167 110
172 110
3 111
10 111
14 111
17 111
26 111
33 111
39 111
55 111
62 111
70 111
75 111
81 111
91 111
93 111
101 111
104 111
116 111
136 111
139 111
141 111
158 111
170 111
174 111
0 112
5 112
7 112
19 112
22 112
36 112
40 112
43 112
46 112
49 112
52 112
58 112
67 112
72 112
78 112
83 112
86 112
88 112
95 112
98 112
105 112
107 112
109 112
112 112
116 112
118 112
121 112
143 112
146 112
149 112
153 112
166 112
171 112
2 113
4 113
9 113
26 113
29 113
33 113
54 113
56 113
60 113
63 113
65 113
69 113
74 113
80 113
90 113
93 113
100 113
103 113
114 113
124 113
128 113
132 113
136 113
140 113
159 113
173 113
5 114
10 114
13 114
16 114
20 114
23 114
30 114
34 114
37 114
39 114
41 114
43 114
45 114
47 114
49 114
51 114
66 114
70 114
72 114
77 114
84 114
87 114
94 114
97 114
108 114
111 114
117 114
119 114
137 114
141 114
144 114
147 114
151 114
155 114
163 114
167 114
170 114
174 114
1 115
7 115
15 115
18 115
22 115
25 115
27 115
31 115
36 115
53 115
55 115
57 115
59 115
61 115
63 115
67 115
74 115
79 115
81 115
86 115
90 115
100 115
104 115
114 115
121 115
153 115
160 115
172 115
2 116
4 116
10 116
12 116
19 116
28 116
33 116
40 116
43 116
46 116
49 116
51 116
64 116
69 116
71 116
75 116
83 116
87 116
94 116
97 116
101 116
106 116
110 116
116 116
118 116
124 116
128 116
132 116
140 116
143 116
145 116
148 116
157 116
164 116
169 116
173 116
5 117
7 117
14 117
16 117
21 117
23 117
26 117
36 117
53 117
55 117
57 117
59 117
61 117
65 117
67 117
73 117
79 117
89 117
92 117
104 117
114 117
135 117
138 117
152 117
154 117
160 117
167 117
171 117
175 117
0 118
2 118
9 118
11 118
17 118
19 118
30 118
37 118
41 118
44 118
47 118
50 118
62 118
68 118
70 118
76 118
81 118
85 118
95 118
98 118
101 118
107 118
111 118
116 118
118 118
121 118
140 118
143 118
154 118
157 118
161 118
172 118
4 119
6 119
12 119
14 119
21 119
24 119
39 119
43 119
52 119
54 119
56 119
58 119
61 119
64 119
71 119
73 119
83 119
87 119
90 119
93 119
105 119
124 119
129 119
145 119
163 119
168 119
174 119
1 120
7 120
9 120
16 120
18 120
27 120
32 120
35 120
40 120
45 120
47 120
49 120
58 120
65 120
68 120
76 120
79 120
96 120
99 120
102 120
108 120
114 120
117 120
119 120
132 120
137 120
140 120
142 120
148 120
154 120
156 120
158 120
160 120
171 120
2 121
4 121
11 121
13 121
20 121
22 121
25 121
30 121
37 121
42 121
52 121
55 121
60 121
70 121
72 121
82 121
85 121
88 121
91 121
94 121
111 121
125 121
163 121
168 121
173 121
5 122
7 122
9 122
14 122
16 122
32 122
34 122
39 122
45 122
49 122
57 122
73 122
75 122
78 122
97 122
100 122
103 122
106 122
116 122
118 122
121 122
133 122
138 122
142 122
145 122
151 122
156 122
160 122
164 122
170 122
174 122
1 123
11 123
18 123
21 123
23 123
26 123
36 123
41 123
47 123
52 123
54 123
70 123
77 123
85 123
89 123
109 123
113 123
126 123
148 123
158 123
168 123
2 124
4 124
6 124
8 124
13 124
15 124
18 124
28 124
30 124
33 124
38 124
43 124
56 124
58 124
61 124
66 124
72 124
74 124
79 124
82 124
91 124
94 124
97 124
116 124
118 124
122 124
129 124
134 124
139 124
154 124
171 124
173 124
9 125
11 125
20 125
23 125
25 125
32 125
36 125
41 125
46 125
49 125
53 125
77 125
100 125
103 125
106 125
142 125
151 125
157 125
160 125
164 125
169 125
0 126
2 126
4 126
6 126
13 126
16 126
26 126
29 126
43 126
50 126
54 126
56 126
58 126
71 126
74 126
80 126
84 126
87 126
109 126
112 126
116 126
118 126
123 126
126 126
136 126
147 126
173 126
8 127
10 127
14 127
19 127
31 127
34 127
37 127
45 127
48 127
68 127
75 127
78 127
90 127
94 127
129 127
132 127
139 127
143 127
153 127
160 127
166 127
170 127
1 128
4 128
6 128
11 128
15 128
20 128
23 128
27 128
39 128
41 128
50 128
54 128
57 128
63 128
75 128
81 128
98 128
101 128
105 128
113 128
116 128
119 128
148 128
167 128
173 128
3 129
8 129
13 129
17 129
30 129
34 129
37 129
43 129
46 129
56 129
60 129
71 129
77 129
84 129
95 129
109 129
123 129
126 129
134 129
153 129
156 129
162 129
170 129
0 130
5 130
10 130
14 130
20 130
27 130
39 130
51 130
74 130
78 130
81 130
88 130
91 130
115 130
117 130
140 130
144 130
149 130
167 130
171 130
2 131
7 131
9 131
12 131
17 131
22 131
31 131
35 131
41 131
44 131
47 131
55 131
57 131
65 131
76 131
85 131
100 131
104 131
111 131
114 131
120 131
127 131
130 131
135 131
162 131
173 131
3 132
5 132
14 132
24 132
27 132
37 132
67 132
79 132
96 132
107 132
137 132
145 132
150 132
154 132
158 132
164 132
168 132
170 132
7 133
9 133
11 133
16 133
19 133
32 133
41 133
48 133
51 133
55 133
70 133
77 133
81 133
86 133
90 133
93 133
112 133
115 133
121 133
124 133
132 133
140 133
166 133
172 133
1 134
4 134
13 134
20 134
23 134
26 134
28 134
34 134
38 134
44 134
57 134
60 134
71 134
78 134
100 134
103 134
109 134
117 134
146 134
150 134
168 134
173 134
6 135
8 135
10 135
12 135
15 135
52 135
55 135
80 135
82 135
87 135
95 135
111 135
126 135
129 135
141 135
153 135
156 135
160 135
166 135
170 135
175 135
1 136
3 136
17 136
22 136
26 136
29 136
41 136
48 136
73 136
83 136
91 136
97 136
104 136
107 136
113 136
120 136
123 136
134 136
137 136
150 136
163 136
172 136
5 137
7 137
9 137
11 137
13 137
15 137
19 137
24 137
32 137
35 137
44 137
55 137
63 137
81 137
85 137
89 137
100 137
109 137
116 137
131 137
142 137
145 137
148 137
154 137
166 137
168 137
2 138
16 138
28 138
38 138
51 138
56 138
68 138
77 138
86 138
92 138
95 138
102 138
105 138
117 138
127 138
155 138
158 138
169 138
171 138
173 138
1 139
4 139
7 139
10 139
12 139
14 139
18 139
21 139
24 139
26 139
41 139
45 139
54 139
71 139
74 139
82 139
88 139
97 139
100 139
107 139
111 139
119 139
122 139
125 139
134 139
139 139
150 139
161 139
164 139
175 139
7 140
15 140
29 140
48 140
59 140
64 140
78 140
83 140
85 140
90 140
92 140
94 140
97 140
103 140
113 140
130 140
147 140
165 140
168 140
172 140
1 141
4 141
9 141
11 141
17 141
19 141
26 141
32 141
35 141
51 141
54 141
87 141
99 141
105 141
108 141
122 141
127 141
136 141
142 141
150 141
155 141
162 141
170 141
1 142
6 142
13 142
15 142
20 142
23 142
28 142
38 142
42 142
45 142
55 142
74 142
79 142
88 142
90 142
93 142
96 142
100 142
102 142
110 142
115 142
118 142
144 142
152 142
158 142
166 142
173 142
3 143
8 143
11 143
17 143
48 143
51 143
66 143
84 143
95 143
105 143
113 143
123 143
128 143
131 143
139 143
147 143
150 143
156 143
161 143
163 143
168 143
0 144
5 144
8 144
13 144
15 144
19 144
21 144
25 144
28 144
30 144
33 144
39 144
53 144
60 144
70 144
90 144
92 144
98 144
101 144
108 144
120 144
125 144
132 144
158 144
164 144
170 144
173 144
2 145
10 145
17 145
42 145
49 145
51 145
56 145
74 145
86 145
89 145
94 145
97 145
103 145
106 145
110 145
115 145
135 145
142 145
147 145
151 145
153 145
161 145
166 145
3 146
5 146
7 146
12 146
15 146
19 146
21 146
23 146
36 146
43 146
46 146
76 146
80 146
91 146
99 146
111 146
117 146
122 146
127 146
162 146
168 146
170 146
173 146
1 147
9 147
14 147
17 147
25 147
28 147
31 147
48 147
51 147
61 147
65 147
93 147
96 147
101 147
106 147
130 147
137 147
143 147
148 147
155 147
158 147
164 147
3 148
6 148
11 148
20 148
22 148
33 148
37 148
40 148
45 148
48 148
52 148
56 148
69 148
87 148
90 148
97 148
103 148
107 148
114 148
119 148
124 148
151 148
161 148
167 148
170 148
173 148
1 149
5 149
8 149
13 149
15 149
17 149
23 149
25 149
28 149
35 149
42 149
50 149
81 149
92 149
99 149
109 149
112 149
117 149
122 149
127 149
132 149
139 149
145 149
159 149
163 149
175 149
2 150
10 150
18 150
20 150
25 150
29 150
32 150
37 150
39 150
44 150
47 150
65 150
72 150
76 150
82 150
85 150
88 150
93 150
95 150
100 150
102 150
105 150
134 150
148 150
165 150
168 150
171 150
4 151
6 151
8 151
12 151
15 151
22 151
27 151
41 151
50 151
53 151
58 151
62 151
90 151
97 151
107 151
110 151
119 151
128 151
141 151
151 151
154 151
160 151
163 151
173 151
1 152
9 152
15 152
18 152
20 152
24 152
34 152
38 152
44 152
47 152
69 152
77 152
80 152
83 152
85 152
87 152
102 152
104 152
112 152
115 152
124 152
136 152
165 152
168 152
170 152
3 153
6 153
11 153
13 153
22 153
26 153
28 153
41 153
49 153
66 153
72 153
74 153
82 153
90 153
92 153
94 153
97 153
99 153
106 153
109 153
121 153
129 153
143 153
146 153
156 153
161 153
172 153
0 154
3 154
8 154
15 154
17 154
19 154
24 154
31 154
36 154
42 154
45 154
50 154
54 154
58 154
62 154
77 154
79 154
87 154
100 154
103 154
112 154
116 154
125 154
132 154
138 154
148 154
152 154
163 154
166 154
169 154
173 154
5 155
10 155
13 155
21 155
26 155
28 155
38 155
47 155
66 155
69 155
73 155
75 155
81 155
83 155
94 155
105 155
108 155
122 155
130 155
158 155
171 155
175 155
2 156
7 156
10 156
15 156
18 156
22 156
24 156
29 156
33 156
43 156
50 156
63 156
70 156
78 156
84 156
87 156
90 156
95 156
98 156
102 156
109 156
111 156
114 156
118 156
134 156
140 156
163 156
166 156
168 156
172 156
1 157
4 157
12 157
20 157
26 157
39 157
45 157
48 157
53 157
56 157
59 157
66 157
73 157
76 157
81 157
100 157
105 157
124 157
127 157
143 157
149 157
153 157
170 157
174 157
5 158
7 158
9 158
15 158
17 158
23 158
27 158
29 158
31 158
36 158
41 158
50 158
60 158
63 158
67 158
70 158
78 158
85 158
88 158
92 158
102 158
107 158
112 158
115 158
120 158
131 158
136 158
145 158
159 158
164 158
167 158
171 158
1 159
11 159
13 159
19 159
21 159
25 159
33 159
44 159
53 159
56 159
72 159
74 159
81 159
95 159
105 159
109 159
117 159
154 159
169 159
173 159
3 160
5 160
8 160
16 160
22 160
28 160
30 160
38 160
41 160
46 160
49 160
59 160
62 160
65 160
67 160
69 160
75 160
78 160
82 160
85 160
90 160
96 160
99 160
113 160
122 160
125 160
128 160
133 160
140 160
160 160
166 160
170 160
174 160
1 161
7 161
10 161
12 161
14 161
18 161
24 161
26 161
32 161
36 161
44 161
51 161
55 161
64 161
71 161
87 161
101 161
104 161
107 161
110 161
115 161
136 161
145 161
148 161
156 161
163 161
168 161
172 161
4 162
15 162
19 162
21 162
29 162
40 162
47 162
58 162
61 162
68 162
73 162
76 162
78 162
81 162
92 162
111 162
116 162
119 162
123 162
130 162
141 162
151 162
165 162
169 162
173 162
1 163
6 163
8 163
11 163
17 163
23 163
26 163
31 163
33 163
38 163
42 163
45 163
49 163
52 163
56 163
64 163
70 163
75 163
83 163
89 163
95 163
98 163
102 163
105 163
125 163
133 163
137 163
171 163
175 163
1 164
3 164
12 164
14 164
19 164
23 164
28 164
34 164
59 164
65 164
67 164
72 164
78 164
85 164
108 164
112 164
115 164
119 164
127 164
146 164
153 164
159 164
166 164
168 164
172 164
5 165
7 165
9 165
16 165
21 165
25 165
30 165
39 165
43 165
46 165
49 165
52 165
61 165
69 165
75 165
91 165
98 165
101 165
105 165
110 165
122 165
129 165
139 165
142 165
156 165
162 165
174 165
2 166
10 166
13 166
18 166
22 166
27 166
32 166
35 166
40 166
53 166
56 166
62 166
72 166
78 166
81 166
87 166
92 166
95 166
102 166
106 166
114 166
117 166
125 166
132 166
135 166
149 166
169 166
171 166
4 167
7 167
15 167
24 167
29 167
43 167
46 167
49 167
64 167
67 167
70 167
83 167
97 167
109 167
112 167
119 167
123 167
130 167
143 167
146 167
164 167
167 167
173 167
1 168
4 168
10 168
12 168
17 168
19 168
21 168
26 168
29 168
32 168
34 168
37 168
40 168
50 168
58 168
75 168
79 168
86 168
89 168
92 168
94 168
99 168
101 168
103 168
106 168
115 168
126 168
139 168
153 168
159 168
170 168
6 169
8 169
14 169
23 169
43 169
46 169
52 169
55 169
61 169
67 169
71 169
77 169
81 169
84 169
88 169
96 169
98 169
109 169
120 169
132 169
135 169
148 169
156 169
168 169
172 169
174 169
1 170
3 170
11 170
15 170
17 170
20 170
24 170
26 170
28 170
30 170
32 170
35 170
40 170
47 170
64 170
74 170
85 170
90 170
93 170
101 170
103 170
105 170
111 170
114 170
117 170
123 170
126 170
129 170
140 170
144 170
149 170
160 170
169 170
5 171
7 171
9 171
13 171
19 171
34 171
37 171
43 171
49 171
57 171
67 171
70 171
72 171
76 171
78 171
80 171
82 171
87 171
95 171
98 171
133 171
136 171
163 171
171 171
175 171
2 172
10 172
16 172
20 172
22 172
25 172
28 172
31 172
45 172
50 172
53 172
61 172
64 172
84 172
89 172
91 172
95 172
100 172
102 172
106 172
108 172
111 172
115 172
118 172
121 172
126 172
141 172
152 172
172 172
1 173
4 173
7 173
12 173
24 173
33 173
36 173
39 173
43 173
58 173
66 173
68 173
71 173
73 173
76 173
79 173
82 173
87 173
97 173
113 173
123 173
128 173
137 173
144 173
149 173
155 173
171 173
9 174
14 174
16 174
18 174
21 174
26 174
28 174
30 174
45 174
48 174
52 174
55 174
60 174
63 174
76 174
84 174
92 174
97 174
100 174
104 174
109 174
131 174
134 174
145 174
158 174
161 174
173 174
1 175
3 175
5 175
11 175
20 175
23 175
32 175
34 175
36 175
39 175
50 175
58 175
65 175
68 175
71 175
73 175
78 175
89 175
94 175
102 175
107 175
114 175
116 175
118 175
123 175
128 175
138 175
141 175
171 175
175 175
6 176
8 176
12 176
14 176
17 176
26 176
29 176
36 176
40 176
43 176
46 176
53 176
55 176
60 176
62 176
68 176
75 176
81 176
85 176
95 176
98 176
111 176
120 176
125 176
131 176
148 176
151 176
154 176
163 176
172 176
1 177
4 177
10 177
16 177
19 177
21 177
23 177
28 177
31 177
50 177
57 177
64 177
73 177
78 177
90 177
97 177
103 177
108 177
129 177
134 177
142 177
145 177
158 177
7 178
13 178
25 178
33 178
35 178
37 178
39 178
43 178
47 178
54 178
59 178
61 178
65 178
69 178
82 178
86 178
92 178
99 178
105 178
112 178
115 178
118 178
122 178
126 178
136 178
139 178
160 178
173 178
1 179
3 179
5 179
9 179
11 179
15 179
17 179
20 179
23 179
27 179
30 179
45 179
50 179
56 179
74 179
94 179
108 179
131 179
145 179
148 179
152 179
155 179
165 179
170 179
6 180
12 180
17 180
23 180
27 180
32 180
35 180
37 180
40 180
53 180
58 180
60 180
62 180
66 180
70 180
76 180
79 180
89 180
91 180
96 180
100 180
103 180
110 180
113 180
116 180
120 180
123 180
127 180
133 180
142 180
161 180
173 180
1 181
8 181
14 181
19 181
21 181
25 181
29 181
33 181
39 181
46 181
49 181
56 181
82 181
84 181
86 181
105 181
118 181
135 181
138 181
148 181
157 181
168 181
171 181
175 181
3 182
5 182
8 182
11 182
16 182
30 182
36 182
41 182
43 182
51 182
59 182
62 182
64 182
68 182
73 182
76 182
87 182
90 182
93 182
97 182
100 182
108 182
113 182
121 182
125 182
129 182
140 182
145 182
149 182
153 182
1 183
10 183
13 183
18 183
21 183
23 183
25 183
27 183
32 183
34 183
38 183
46 183
53 183
66 183
70 183
78 183
81 183
84 183
105 183
110 183
115 183
132 183
142 183
158 183
165 183
168 183
170 183
172 183
4 184
7 184
15 184
18 184
29 184
35 184
38 184
41 184
49 184
56 184
60 184
63 184
73 184
78 184
87 184
91 184
95 184
101 184
118 184
123 184
127 184
135 184
138 184
150 184
154 184
161 184
173 184
1 185
6 185
9 185
11 185
14 185
20 185
23 185
26 185
31 185
40 185
43 185
47 185
53 185
65 185
67 185
70 185
75 185
80 185
82 185
85 185
97 185
106 185
110 185
115 185
120 185
129 185
141 185
144 185
147 185
158 185
165 185
168 185
175 185
3 186
11 186
17 186
20 186
28 186
33 186
35 186
37 186
50 186
57 186
61 186
72 186
77 186
88 186
92 186
98 186
103 186
112 186
125 186
132 186
136 186
154 186
162 186
165 186
170 186
172 186
1 187
5 187
8 187
13 187
15 187
22 187
24 187
26 187
30 187
32 187
39 187
41 187
43 187
54 187
66 187
69 187
75 187
83 187
101 187
107 187
116 187
120 187
123 187
138 187
142 187
147 187
150 187
158 187
167 187
174 187
2 188
5 188
10 188
16 188
19 188
27 188
33 188
36 188
45 188
47 188
51 188
63 188
79 188
85 188
89 188
92 188
95 188
109 188
113 188
126 188
129 188
133 188
139 188
144 188
151 188
159 188
161 188
164 188
168 188
171 188
7 189
12 189
18 189
21 189
24 189
29 189
35 189
38 189
41 189
43 189
55 189
58 189
69 189
72 189
77 189
97 189
102 189
105 189
116 189
153 189
156 189
166 189
173 189
2 190
4 190
9 190
13 190
15 190
26 190
30 190
32 190
44 190
48 190
52 190
60 190
66 190
81 190
85 190
88 190
92 190
98 190
107 190
111 190
117 190
120 190
123 190
130 190
133 190
136 190
139 190
142 190
145 190
148 190
161 190
163 190
168 190
170 190
6 191
11 191
17 191
19 191
21 191
24 191
28 191
34 191
36 191
38 191
40 191
46 191
56 191
63 191
70 191
73 191
79 191
125 191
128 191
153 191
156 191
158 191
165 191
172 191
174 191
1 192
3 192
8 192
14 192
21 192
31 192
41 192
43 192
49 192
53 192
76 192
83 192
86 192
89 192
92 192
95 192
101 192
104 192
108 192
111 192
114 192
133 192
137 192
141 192
144 192
147 192
150 192
159 192
162 192
166 192
169 192
5 193
10 193
12 193
16 193
23 193
25 193
27 193
29 193
33 193
36 193
39 193
45 193
51 193
57 193
60 193
64 193
67 193
72 193
80 193
97 193
117 193
120 193
129 193
135 193
139 193
153 193
155 193
161 193
171 193
174 193
2 194
7 194
13 194
18 194
20 194
30 194
33 194
42 194
47 194
69 194
74 194
77 194
83 194
86 194
89 194
93 194
98 194
101 194
106 194
123 194
126 194
130 194
144 194
147 194
150 194
156 194
158 194
164 194
166 194
168 194
1 195
4 195
6 195
9 195
15 195
22 195
25 195
28 195
35 195
37 195
39 195
44 195
49 195
53 195
61 195
72 195
79 195
81 195
104 195
109 195
112 195
121 195
132 195
136 195
139 195
141 195
152 195
160 195
162 195
170 195
172 195
10 196
12 196
17 196
19 196
25 196
30 196
32 196
41 196
46 196
55 196
58 196
64 196
67 196
75 196
84 196
88 196
91 196
95 196
114 196
117 196
127 196
133 196
142 196
146 196
149 196
153 196
155 196
157 196
164 196
167 196
173 196
1 197
3 197
6 197
14 197
21 197
23 197
27 197
34 197
36 197
39 197
43 197
49 197
52 197
62 197
69 197
73 197
77 197
81 197
86 197
93 197
97 197
100 197
106 197
122 197
129 197
136 197
144 197
151 197
159 197
162 197
169 197
175 197
3 198
8 198
11 198
15 198
18 198
24 198
29 198
31 198
36 198
40 198
46 198
55 198
70 198
78 198
82 198
89 198
102 198
109 198
112 198
118 198
125 198
133 198
138 198
140 198
148 198
153 198
156 198
159 198
164 198
166 198
172 198
5 199
10 199
17 199
20 199
26 199
33 199
38 199
42 199
44 199
48 199
51 199
57 199
63 199
66 199
73 199
84 199
94 199
115 199
123 199
128 199
131 199
136 199
142 199
145 199
150 199
161 199
168 199
170 199
0 200
2 200
5 200
7 200
12 200
14 200
20 200
23 200
26 200
28 200
30 200
35 200
52 200
60 200
74 200
77 200
80 200
85 200
88 200
91 200
96 200
99 200
106 200
119 200
133 200
147 200
152 200
154 200
156 200
158 200
162 200
165 200
173 200
9 201
16 201
22 201
32 201
37 201
39 201
43 201
45 201
48 201
54 201
58 201
64 201
67 201
70 201
82 201
102 201
109 201
124 201
127 201
130 201
135 201
137 201
139 201
142 201
144 201
149 201
167 201
170 201
175 201
0 202
3 202
6 202
11 202
13 202
17 202
19 202
23 202
26 202
28 202
30 202
34 202
40 202
50 202
73 202
76 202
79 202
86 202
90 202
94 202
110 202
113 202
116 202
121 202
131 202
139 202
146 202
150 202
152 202
155 202
158 202
160 202
162 202
164 202
167 202
172 202
5 203
8 203
15 203
21 203
25 203
32 203
36 203
42 203
45 203
47 203
52 203
55 203
60 203
67 203
70 203
82 203
88 203
96 203
103 203
119 203
124 203
127 203
133 203
141 203
143 203
148 203
154 203
169 203
174 203
0 204
2 204
10 204
12 204
18 204
26 204
29 204
33 204
39 204
49 204
63 204
75 204
78 204
84 204
91 204
99 204
106 204
130 204
134 204
136 204
138 204
143 204
145 204
151 204
155 204
157 204
160 204
163 204
166 204
171 204
4 205
6 205
8 205
14 205
16 205
20 205
22 205
28 205
31 205
35 205
37 205
41 205
43 205
47 205
51 205
53 205
55 205
67 205
71 205
96 205
104 205
110 205
113 205
116 205
121 205
124 205
126 205
128 205
140 205
147 205
149 205
159 205
165 205
168 205
173 205
1 206
11 206
17 206
23 206
25 206
32 206
44 206
56 206
59 206
63 206
72 206
75 206
81 206
87 206
92 206
100 206
131 206
133 206
136 206
141 206
144 206
151 206
153 206
156 206
160 206
162 206
170 206
3 207
6 207
8 207
13 207
19 207
27 207
29 207
34 207
37 207
40 207
46 207
49 207
53 207
67 207
78 207
84 207
107 207
117 207
121 207
124 207
127 207
129 207
138 207
143 207
146 207
148 207
155 207
164 207
167 207
172 207
174 207
0 208
3 208
10 208
14 208
16 208
20 208
22 208
24 208
31 208
43 208
50 208
54 208
57 208
60 208
68 208
88 208
93 208
97 208
103 208
110 208
113 208
118 208
130 208
133 208
135 208
140 208
150 208
152 208
158 208
161 208
164 208
169 208
5 209
7 209
12 209
18 209
25 209
27 209
30 209
33 209
36 209
38 209
40 209
45 209
48 209
63 209
71 209
74 209
79 209
100 209
121 209
124 209
127 209
132 209
137 209
142 209
144 209
147 209
154 209
156 209
166 209
171 209
174 209
2 210
9 210
15 210
19 210
22 210
27 210
42 210
52 210
55 210
58 210
82 210
85 210
90 210
107 210
114 210
118 210
124 210
129 210
134 210
137 210
139 210
145 210
149 210
151 210
157 210
159 210
161 210
163 210
168 210
171 210
1 211
4 211
6 211
11 211
13 211
21 211
24 211
29 211
32 211
34 211
37 211
40 211
44 211
46 211
49 211
54 211
64 211
75 211
88 211
94 211
102 211
105 211
109 211
112 211
120 211
126 211
131 211
140 211
142 211
147 211
153 211
165 211
173 211
8 212
16 212
18 212
26 212
29 212
51 212
55 212
58 212
60 212
65 212
68 212
71 212
79 212
98 212
116 212
121 212
123 212
128 212
133 212
135 212
137 212
144 212
150 212
154 212
156 212
159 212
162 212
167 212
169 212
173 212
1 213
4 213
6 213
10 213
12 213
14 213
20 213
22 213
24 213
31 213
34 213
36 213
38 213
40 213
42 213
45 213
47 213
49 213
83 213
91 213
96 213
113 213
118 213
125 213
129 213
131 213
139 213
142 213
146 213
148 213
152 213
158 213
164 213
171 213
175 213
1 214
7 214
15 214
18 214
26 214
28 214
51 214
54 214
57 214
61 214
73 214
76 214
87 214
99 214
102 214
105 214
108 214
110 214
115 214
120 214
122 214
126 214
133 214
136 214
139 214
143 214
149 214
155 214
159 214
161 214
165 214
168 214
3 215
9 215
12 215
17 215
20 215
22 215
30 215
32 215
35 215
38 215
41 215
44 215
48 215
59 215
64 215
67 215
79 215
84 215
92 215
117 215
124 215
128 215
130 215
135 215
141 215
145 215
151 215
153 215
163 215
167 215
170 215
172 215
0 216
4 216
6 216
9 216
14 216
24 216
27 216
45 216
51 216
54 216
56 216
70 216
73 216
81 216
88 216
96 216
102 216
106 216
112 216
114 216
119 216
121 216
125 216
132 216
138 216
142 216
146 216
148 216
155 216
157 216
160 216
164 216
173 216
2 217
11 217
16 217
18 217
20 217
22 217
26 217
30 217
32 217
34 217
36 217
38 217
40 217
42 217
47 217
49 217
58 217
60 217
68 217
76 217
85 217
93 217
98 217
108 217
110 217
116 217
122 217
126 217
128 217
130 217
134 217
136 217
140 217
144 217
150 217
152 217
159 217
166 217
169 217
175 217
3 218
6 218
8 218
13 218
23 218
27 218
43 218
52 218
55 218
61 218
64 218
78 218
89 218
101 218
104 218
113 218
117 218
119 218
123 218
132 218
137 218
141 218
147 218
154 218
156 218
161 218
163 218
170 218
172 218
5 219
10 219
14 219
16 219
18 219
20 219
25 219
29 219
32 219
35 219
38 219
45 219
48 219
51 219
58 219
70 219
73 219
81 219
93 219
98 219
106 219
109 219
111 219
115 219
121 219
125 219
127 219
129 219
134 219
139 219
143 219
145 219
149 219
151 219
158 219
165 219
167 219
174 219
0 220
2 220
7 220
11 220
22 220
40 220
42 220
52 220
55 220
61 220
64 220
67 220
75 220
83 220
86 220
90 220
95 220
100 220
103 220
112 220
116 220
118 220
122 220
131 220
136 220
140 220
146 220
153 220
155 220
160 220
162 220
168 220
171 220
4 221
9 221
13 221
16 221
18 221
20 221
24 221
26 221
28 221
30 221
32 221
34 221
36 221
39 221
44 221
46 221
49 221
57 221
77 221
93 221
98 221
105 221
107 221
110 221
114 221
120 221
124 221
126 221
128 221
130 221
133 221
142 221
147 221
149 221
151 221
157 221
164 221
170 221
174 221
1 222
6 222
13 222
21 222
36 222
52 222
54 222
60 222
62 222
65 222
69 222
71 222
73 222
78 222
81 222
86 222
89 222
102 222
111 222
117 222
121 222
133 222
135 222
137 222
139 222
142 222
144 222
154 222
158 222
161 222
165 222
167 222
171 222
3 223
8 223
10 223
15 223
17 223
23 223
26 223
29 223
32 223
38 223
40 223
42 223
45 223
47 223
50 223
57 223
67 223
83 223
91 223
94 223
96 223
99 223
104 223
107 223
113 223
115 223
119 223
123 223
125 223
128 223
130 223
146 223
149 223
151 223
156 223
160 223
173 223
0 224
5 224
12 224
18 224
20 224
26 224
35 224
54 224
59 224
62 224
64 224
74 224
77 224
80 224
85 224
88 224
101 224
104 224
108 224
110 224
116 224
120 224
125 224
131 224
134 224
136 224
138 224
140 224
143 224
146 224
153 224
157 224
161 224
163 224
165 224
168 224
170 224
173 224
2 225
6 225
8 225
10 225
14 225
16 225
21 225
23 225
28 225
30 225
32 225
37 225
41 225
44 225
47 225
49 225
51 225
56 225
66 225
69 225
71 225
83 225
90 225
92 225
95 225
97 225
99 225
106 225
111 225
113 225
118 225
122 225
127 225
133 225
142 225
148 225
150 225
155 225
167 225
175 225
3 226
12 226
18 226
25 226
34 226
38 226
41 226
52 226
57 226
60 226
63 226
74 226
77 226
80 226
87 226
92 226
101 226
103 226
108 226
115 226
119 226
124 226
128 226
130 226
134 226
137 226
139 226
145 226
152 226
157 226
159 226
161 226
164 226
169 226
172 226
1 227
5 227
8 227
10 227
14 227
16 227
20 227
23 227
27 227
29 227
32 227
43 227
45 227
48 227
54 227
65 227
67 227
70 227
72 227
82 227
84 227
89 227
94 227
97 227
99 227
105 227
110 227
112 227
116 227
121 227
123 227
126 227
132 227
141 227
143 227
147 227
149 227
154 227
163 227
167 227
174 227
2 228
5 228
11 228
17 228
24 228
29 228
35 228
37 228
40 228
50 228
56 228
59 228
62 228
75 228
77 228
79 228
86 228
90 228
94 228
102 228
106 228
108 228
113 228
117 228
119 228
127 228
129 228
134 228
136 228
138 228
144 228
151 228
157 228
160 228
164 228
169 228
171 228
7 229
13 229
19 229
21 229
26 229
31 229
33 229
42 229
45 229
48 229
53 229
64 229
67 229
69 229
72 229
92 229
96 229
98 229
100 229
104 229
110 229
115 229
121 229
123 229
131 229
139 229
142 229
146 229
148 229
152 229
154 229
159 229
166 229
173 229
2 230
4 230
8 230
10 230
13 230
15 230
17 230
23 230
28 230
34 230
37 230
39 230
50 230
55 230
58 230
61 230
69 230
73 230
75 230
78 230
88 230
101 230
104 230
107 230
111 230
113 230
118 230
124 230
126 230
128 230
133 230
136 230
139 230
143 230
149 230
156 230
161 230
163 230
167 230
170 230
6 231
19 231
22 231
25 231
30 231
41 231
43 231
45 231
53 231
63 231
65 231
71 231
77 231
90 231
93 231
95 231
98 231
106 231
109 231
115 231
117 231
120 231
123 231
129 231
131 231
135 231
141 231
145 231
151 231
153 231
158 231
165 231
172 231
174 231
1 232
3 232
7 232
10 232
12 232
14 232
16 232
27 232
33 232
35 232
38 232
47 232
50 232
57 232
60 232
65 232
68 232
74 232
78 232
80 232
84 232
101 232
103 232
112 232
120 232
126 232
132 232
138 232
146 232
148 232
155 232
160 232
162 232
167 232
169 232
9 233
18 233
20 233
22 233
24 233
26 233
29 233
31 233
40 233
43 233
52 233
55 233
70 233
72 233
76 233
89 233
91 233
94 233
96 233
98 233
105 233
107 233
109 233
114 233
116 233
122 233
124 233
128 233
134 233
136 233
140 233
142 233
149 233
151 233
153 233
157 233
164 233
171 233
174 233
2 234
4 234
6 234
11 234
13 234
15 234
35 234
37 234
44 234
46 234
49 234
57 234
60 234
62 234
65 234
67 234
73 234
78 234
85 234
100 234
102 234
111 234
117 234
119 234
125 234
130 234
132 234
137 234
144 234
146 234
154 234
158 234
161 234
165 234
168 234
171 234
7 235
9 235
16 235
19 235
22 235
24 235
26 235
28 235
31 235
33 235
39 235
42 235
51 235
54 235
64 235
69 235
75 235
92 235
95 235
97 235
103 235
106 235
109 235
114 235
120 235
122 235
127 235
129 235
134 235
139 235
141 235
143 235
148 235
151 235
156 235
160 235
167 235
173 235
0 236
2 236
4 236
10 236
13 236
16 236
28 236
35 236
45 236
48 236
58 236
61 236
66 236
70 236
72 236
77 236
79 236
82 236
86 236
89 236
98 236
100 236
111 236
115 236
117 236
123 236
125 236
131 236
136 236
145 236
148 236
153 236
157 236
162 236
164 236
170 236
173 236
6 237
12 237
18 237
20 237
23 237
26 237
30 237
33 237
37 237
39 237
42 237
50 237
53 237
56 237
64 237
74 237
84 237
88 237
92 237
96 237
103 237
113 237
118 237
121 237
127 237
133 237
138 237
141 237
150 237
155 237
159 237
166 237
168 237
175 237
0 238
3 238
7 238
9 238
15 238
23 238
27 238
44 238
47 238
59 238
61 238
67 238
69 238
71 238
75 238
77 238
79 238
85 238
89 238
93 238
107 238
110 238
115 238
118 238
124 238
129 238
131 238
135 238
138 238
143 238
145 238
147 238
152 238
161 238
163 238
169 238
172 238
5 239
10 239
12 239
14 239
17 239
19 239
21 239
29 239
31 239
34 239
37 239
40 239
49 239
52 239
55 239
63 239
66 239
73 239
82 239
91 239
96 239
100 239
104 239
112 239
120 239
122 239
126 239
128 239
133 239
140 239
142 239
149 239
154 239
156 239
158 239
165 239
171 239
175 239
0 240
2 240
7 240
24 240
26 240
31 240
37 240
43 240
46 240
57 240
60 240
70 240
74 240
77 240
79 240
86 240
88 240
93 240
109 240
114 240
116 240
118 240
123 240
130 240
135 240
137 240
143 240
146 240
149 240
151 240
160 240
162 240
166 240
168 240
172 240
